Lab10/future/bio12.asc
NCOLS 269 
NROWS 261 
XLLCORNER -125 
YLLCORNER 32.25 
CELLSIZE 0.0416666666666667 
NODATA_value -32768 
[rows 117 to 155 of 261, columns 174 to 260 of 269]
178 181 182 171 161 156 154 154 154 156 166 187 221 220 216 202 186 203 225 254 275 252 237 249 224 218 212 217 216 232 260 280 244 223 215 215 216 221 243 275 274 248 233 232 229 230 231 240 263 342 372 376 434 432 359 310 285 285 330 304 280 274 277 299 310 305 320 339 364 323 296 306 325 362 381 353 330 332 348 385 474 482 417 385 370 362 379
188 207 205 171 156 154 153 154 154 156 165 179 208 213 197 184 183 210 234 266 242 254 223 237 233 214 213 211 214 223 242 272 248 217 215 218 227 232 231 237 226 224 228 232 239 245 254 292 347 425 424 417 422 367 323 292 279 294 293 291 285 288 283 281 310 296 318 362 353 307 291 307 336 372 361 342 327 328 341 364 398 447 409 380 356 344 360
202 231 187 159 153 153 152 153 154 158 165 176 203 220 188 175 177 195 214 233 234 216 217 243 241 217 211 209 215 225 238 265 263 225 220 223 243 270 249 230 222 224 228 238 257 273 325 392 402 472 403 381 375 332 302 281 280 311 282 278 311 328 311 286 280 285 303 324 319 291 288 304 321 335 340 335 325 323 336 348 371 436 464 397 361 335 336
185 187 167 153 151 151 155 160 159 160 167 175 193 207 181 171 172 175 186 206 216 205 203 230 232 220 208 209 218 230 255 290 271 237 224 238 272 286 265 237 223 225 229 252 292 307 356 421 479 426 377 373 338 303 289 279 285 308 276 273 292 333 350 320 295 279 285 304 302 283 276 282 296 307 349 371 327 322 329 336 351 377 415 416 366 332 330
166 160 153 151 154 172 182 178 165 163 170 177 196 192 176 168 168 170 174 185 208 200 196 224 231 217 205 211 222 246 268 288 291 242 234 253 288 294 268 239 223 226 232 255 298 337 384 438 432 368 345 333 305 290 283 277 292 276 270 273 281 304 340 399 350 304 276 294 309 286 273 272 282 319 351 439 357 322 320 328 340 355 375 397 382 341 341
155 153 151 154 170 224 257 196 177 168 169 177 188 192 175 166 165 168 171 173 182 185 189 199 205 202 203 217 238 281 354 353 277 245 240 252 280 315 283 241 219 223 230 258 313 361 368 416 383 353 335 313 299 289 281 277 282 285 270 271 279 301 339 406 396 334 280 288 313 291 270 267 270 295 345 462 390 338 319 318 328 340 353 365 372 349 369
152 152 154 162 176 189 212 195 184 169 165 170 192 194 177 166 168 169 171 173 190 187 187 192 196 197 207 232 256 293 351 364 285 253 248 261 283 322 298 244 220 223 232 265 318 367 343 344 329 330 321 311 294 287 287 298 302 271 269 270 281 310 347 411 407 329 279 300 340 290 268 266 268 293 333 420 412 356 335 318 320 328 339 346 327 348 374
154 155 160 176 196 216 209 175 180 164 157 161 170 177 173 166 167 168 169 172 189 188 185 190 193 198 213 239 272 332 337 373 312 273 258 265 277 305 318 258 226 227 236 274 338 338 308 290 286 292 321 373 302 290 308 336 327 268 267 270 285 317 347 344 367 322 275 302 307 287 265 263 263 308 356 428 435 378 374 344 316 316 329 329 321 347 369
158 157 160 170 178 193 185 166 159 153 153 157 165 175 169 166 167 168 170 173 177 181 185 190 191 198 210 227 252 268 280 318 338 295 273 267 269 292 341 283 232 232 246 284 319 299 276 268 266 277 321 409 315 303 331 382 337 269 269 271 283 339 357 322 309 299 286 329 303 275 264 262 265 297 342 433 486 376 343 351 342 318 300 306 330 345 380
178 163 153 154 154 156 160 162 153 155 157 160 164 168 171 167 168 169 172 176 180 184 188 190 190 195 205 217 231 242 258 274 322 321 282 271 263 281 343 295 240 238 259 294 284 271 257 252 254 261 295 380 319 320 355 401 313 271 271 272 279 330 335 298 276 270 294 337 298 272 262 262 268 289 326 391 426 345 312 305 315 317 302 320 343 359 385
239 178 154 147 145 145 153 168 161 166 166 167 168 171 181 180 173 179 179 188 200 200 195 193 193 197 204 212 221 232 241 258 287 339 309 275 265 263 285 266 245 246 260 284 287 266 251 247 248 249 264 362 330 356 356 351 302 281 274 283 283 279 314 276 252 281 308 335 299 271 262 262 271 286 318 353 354 315 292 288 279 302 316 333 364 399 416
215 191 155 147 148 149 155 169 177 196 191 181 175 182 193 192 183 178 182 201 224 227 208 202 198 199 204 211 217 223 233 246 268 316 335 285 268 260 256 251 249 253 270 303 286 263 247 243 244 247 266 311 343 366 345 343 310 294 285 305 293 275 259 246 261 290 318 350 307 274 261 262 274 306 313 334 347 311 287 278 277 295 315 344 372 413 412
183 159 149 148 149 155 170 181 200 241 222 196 187 193 203 201 188 173 178 198 228 241 224 210 203 198 204 208 215 221 226 236 256 302 318 292 274 262 259 274 263 275 295 283 264 257 237 237 242 252 276 304 343 371 357 363 338 322 307 315 280 285 241 248 267 294 325 350 305 276 265 264 285 334 333 350 394 335 289 277 289 303 328 355 389 395 377
167 151 147 147 153 160 185 194 235 260 224 207 199 193 191 184 179 167 167 175 189 212 223 230 211 200 202 206 216 223 220 229 244 294 320 297 270 259 265 289 280 277 294 274 251 238 235 236 240 254 284 310 336 370 372 374 391 372 323 299 257 242 275 277 285 316 349 369 306 281 270 272 297 344 349 345 369 340 282 281 301 323 344 364 382 384 370
155 149 147 150 157 165 180 204 216 203 196 193 192 180 175 173 166 161 161 163 170 186 213 252 235 208 204 207 216 215 215 221 236 277 288 274 258 252 261 285 278 269 268 257 246 241 239 241 248 270 334 354 381 393 368 373 434 382 313 273 237 260 273 257 266 285 307 314 299 285 277 287 320 367 357 337 314 299 294 294 311 343 382 405 392 385 378
164 160 159 162 164 179 192 221 209 185 183 190 185 173 169 164 161 160 160 165 173 184 207 239 242 214 207 212 223 220 214 215 229 266 281 260 250 248 262 293 292 272 261 251 246 248 251 259 275 283 335 330 344 341 321 353 369 308 262 239 220 249 247 250 268 289 286 288 287 285 298 327 358 379 361 331 300 281 305 298 301 339 369 386 387 379 368
206 193 198 192 190 202 218 207 182 174 175 182 178 172 162 163 171 179 182 181 187 188 201 216 225 217 213 222 225 216 210 211 218 246 263 251 242 244 269 317 321 282 264 258 259 270 295 335 312 296 284 281 291 305 292 360 371 307 249 228 217 247 242 264 301 328 293 286 285 294 320 362 403 392 356 326 282 323 342 340 330 334 364 374 358 363 367
232 242 278 304 250 234 221 187 173 173 175 180 180 163 162 199 251 243 205 192 196 191 199 215 228 219 214 216 216 208 204 206 212 231 278 241 236 243 269 317 366 306 273 285 287 285 317 378 328 287 267 255 257 262 270 346 320 286 247 226 212 249 254 283 364 369 304 293 284 292 320 381 440 406 356 292 311 372 383 368 366 357 358 353 352 362 369
210 232 269 294 286 246 220 203 177 176 180 176 164 160 164 191 233 241 201 190 192 200 205 219 223 214 208 208 207 205 205 208 213 232 265 242 235 244 264 320 349 298 273 258 259 276 312 365 379 309 271 249 243 245 263 313 297 272 259 235 215 219 249 298 396 395 324 297 278 288 317 372 426 403 360 321 285 385 419 403 381 371 367 379 363 368 382
224 215 230 262 272 253 206 183 170 165 163 162 161 160 161 164 171 185 181 183 192 199 206 213 207 206 204 204 205 206 208 214 220 256 269 244 238 245 281 349 344 286 262 244 246 265 306 345 428 335 301 253 239 234 238 262 298 306 303 256 217 206 226 297 316 355 313 280 273 283 308 357 374 404 362 341 282 360 399 388 372 387 382 384 396 384 387
262 258 240 264 291 236 187 174 169 166 168 173 172 167 164 165 155 173 191 193 194 196 199 213 205 207 207 215 213 211 217 219 245 277 294 254 245 260 339 338 299 271 243 236 237 249 281 324 375 320 293 261 243 231 228 241 278 336 339 277 225 205 218 268 273 293 293 276 270 280 304 361 407 394 349 325 275 309 360 362 330 370 410 408 411 379 349
202 229 241 236 213 190 178 178 184 184 200 207 200 179 160 153 150 163 195 194 202 199 203 211 208 215 223 231 221 220 230 238 271 300 310 278 254 287 341 292 264 248 230 227 225 232 264 302 336 296 276 260 243 234 227 230 286 396 388 311 246 210 207 249 247 259 278 271 270 286 318 361 441 399 347 304 259 258 321 315 303 345 391 438 431 380 324
240 220 186 179 173 171 191 204 203 210 228 238 212 181 161 149 147 152 176 193 192 196 208 218 221 234 239 239 235 243 265 269 287 308 313 299 287 314 325 289 251 232 224 222 222 223 227 237 249 260 275 259 249 239 227 222 261 342 351 314 290 231 203 223 227 248 271 269 283 300 326 399 393 365 322 284 278 285 257 265 284 327 379 365 346 328 301
196 265 167 147 141 145 165 175 188 218 255 246 199 177 160 147 144 145 152 173 173 189 232 237 253 232 249 243 247 257 265 281 293 308 323 325 316 332 307 313 296 242 230 221 219 219 217 222 231 248 274 277 270 248 226 215 226 261 310 292 294 241 208 199 225 256 291 285 331 322 345 391 316 286 265 266 303 280 229 249 287 345 357 320 314 306 284
150 202 171 133 128 133 150 183 212 258 245 200 170 157 152 143 143 145 150 163 164 172 187 202 224 216 211 223 240 259 268 279 300 317 332 338 336 325 284 295 257 246 226 220 217 234 225 225 234 249 274 291 303 245 223 214 217 256 279 279 269 261 220 197 201 231 249 310 325 324 343 299 255 238 243 290 269 244 211 239 272 317 322 295 289 290 296
144 168 182 153 123 125 140 170 207 234 214 184 163 150 149 150 145 145 149 155 156 158 166 179 204 199 198 204 217 235 247 252 267 299 306 288 333 299 242 226 212 213 233 238 224 264 240 227 236 245 270 278 297 246 217 207 211 254 250 251 247 242 230 207 197 201 234 347 323 304 307 249 217 217 267 258 240 228 201 227 260 280 271 266 270 279 274
129 136 159 191 126 122 129 152 183 199 204 195 172 148 159 174 153 148 148 151 152 155 157 169 182 190 190 187 205 224 238 239 240 246 246 259 291 296 235 207 203 213 239 271 243 243 249 238 242 249 257 271 315 278 228 208 208 230 230 253 244 233 230 227 240 185 205 309 313 282 261 217 208 245 239 235 221 216 193 217 239 237 240 246 258 273 271
129 127 129 192 142 121 123 142 168 181 168 164 152 161 197 198 165 157 152 151 153 161 162 160 167 170 175 189 206 240 276 267 237 233 226 244 267 255 221 204 199 206 228 253 243 227 233 239 253 264 287 330 328 314 270 214 212 208 204 236 228 229 281 235 214 182 183 273 249 243 210 197 231 276 226 227 204 201 198 222 234 223 226 233 254 259 273
134 130 139 203 159 127 118 123 141 144 147 151 169 207 236 204 181 166 159 156 155 159 164 160 161 161 174 192 212 243 281 285 250 226 215 229 248 231 212 202 195 198 213 235 237 228 233 246 277 291 289 326 316 258 257 234 220 227 189 190 189 210 314 260 199 180 174 216 218 204 195 231 242 220 207 203 187 202 232 259 261 232 218 235 240 242 245
170 147 171 204 202 134 119 117 115 125 141 153 192 256 287 237 203 178 168 162 160 163 173 161 154 161 176 189 197 211 251 265 248 226 211 228 274 244 215 200 192 191 205 219 232 235 246 255 277 284 268 276 292 228 209 244 235 211 185 182 180 189 304 311 202 170 162 175 181 188 249 247 210 194 182 180 209 256 316 336 296 268 221 215 222 226 219
216 179 182 261 248 147 124 128 113 113 122 148 216 268 316 259 215 191 178 173 164 176 186 163 151 158 171 183 207 207 212 225 239 217 252 257 270 230 228 203 192 191 201 207 222 229 258 272 262 239 214 242 274 223 192 206 256 201 175 175 177 187 303 343 206 167 157 163 170 206 269 230 194 180 168 189 240 341 397 368 275 250 227 211 204 203 209
229 153 175 301 237 152 151 167 125 107 106 122 162 236 288 294 259 213 195 191 177 189 169 155 147 155 170 174 190 222 244 240 205 211 278 282 284 233 208 229 206 193 202 215 199 219 250 268 250 214 189 202 278 227 188 185 230 249 187 180 178 186 270 341 213 172 156 156 161 208 236 217 188 168 159 186 231 308 388 384 308 252 258 214 197 194 193
174 137 188 303 299 177 249 264 154 114 100 103 119 164 224 229 254 226 180 169 161 157 148 141 157 179 181 163 167 192 219 193 183 210 229 224 250 229 210 208 190 183 198 195 183 203 269 279 254 216 180 183 268 221 191 186 214 252 237 249 226 199 253 357 228 183 161 151 156 217 218 214 192 159 159 183 209 247 288 307 266 249 254 208 189 186 182
140 137 179 225 254 198 255 272 196 134 100 90 91 107 147 165 176 228 182 159 148 142 136 133 160 207 185 155 156 171 197 177 165 184 196 191 203 232 226 203 183 174 170 167 169 187 226 237 266 249 179 175 277 226 191 184 222 290 291 283 262 228 271 382 250 197 163 150 148 186 206 198 183 159 155 173 189 213 258 269 225 214 208 195 182 174 186
143 171 197 163 182 186 265 304 238 146 103 85 81 85 107 152 185 187 199 170 149 140 135 131 133 150 180 145 148 157 179 171 158 162 168 175 185 203 214 202 191 174 165 163 166 183 199 224 268 248 174 164 259 224 190 182 202 264 254 323 292 272 317 402 262 200 168 150 145 161 169 180 170 155 142 159 175 189 206 194 193 193 191 187 177 167 179
140 148 173 149 164 173 254 272 217 130 104 85 79 78 77 108 124 160 164 167 162 145 137 130 127 128 143 136 139 146 159 160 152 155 161 167 185 231 228 209 190 171 165 169 189 218 223 226 236 204 161 164 199 219 195 185 201 222 225 284 311 323 372 373 259 209 174 151 148 146 148 158 154 150 142 147 164 174 181 171 171 174 175 176 165 157 156
136 136 142 157 156 190 203 248 180 134 104 82 79 78 74 80 93 113 118 134 167 162 147 135 126 126 128 130 132 140 144 146 146 151 172 183 187 203 192 190 184 181 182 188 205 223 221 240 208 171 158 158 248 220 183 189 214 247 234 276 347 402 430 354 265 223 181 152 171 164 151 154 141 140 142 139 153 165 168 164 168 164 161 156 149 163 178
136 132 136 157 155 180 185 222 190 142 109 85 79 78 73 72 80 88 92 99 146 187 164 139 126 125 126 126 127 133 134 136 140 144 157 163 167 177 181 185 189 203 207 217 238 233 213 204 179 162 158 174 237 185 173 196 243 249 240 305 423 545 454 360 292 248 191 153 194 203 176 162 149 137 140 139 142 152 157 162 163 160 149 147 174 203 219
145 138 137 148 166 198 200 178 193 140 109 93 82 78 73 72 72 78 81 80 90 122 149 143 129 126 129 124 124 125 128 132 136 145 152 160 171 190 194 181 179 184 200 242 243 239 218 190 172 161 160 177 196 165 159 176 248 245 277 355 495 554 461 391 309 231 179 176 209 206 174 158 146 140 137 140 142 145 144 156 162 159 143 164 197 235 284
