Lab10/future/bio12.asc
NCOLS 269 
NROWS 261 
XLLCORNER -125 
YLLCORNER 32.25 
CELLSIZE 0.0416666666666667 
NODATA_value -32768 
[rows 0 to 38 of 261, columns 0 to 86 of 269]
-32768.000000000000000 -32768 -32768 -32768 -32768 -32768 -32768 -32768 -32768 -32768 -32768 -32768 -32768 1640 1629 1638 1624 1613 1590 1526 1525 1518 1484 1494 1478 1470 1509 1550 1516 1486 1496 1412 1328 1233 1168 1091 1047 943 920 964 990 1116 1136 1056 1060 1144 1217 1279 1321 1348 1336 1288 1255 1238 1257 1283 1218 1204 1208 1226 1388 1433 1430 1330 1273 1414 1448 1310 1278 1356 1372 1182 979 867 788 720 680 647 629 623 638 693 587 547 544 525 484
-32768 -32768 -32768 -32768 -32768 -32768 -32768 -32768 -32768 -32768 -32768 -32768 -32768 1684 1677 1703 1673 1667 1621 1578 1518 1540 1557 1541 1466 1487 1509 1424 1508 1490 1399 1308 1294 1211 1150 1129 1121 1006 947 903 1010 1047 971 996 1048 1096 1088 1147 1254 1287 1283 1243 1194 1159 1182 1166 1189 1233 1235 1295 1402 1433 1429 1196 1154 1310 1347 1343 1515 1422 1482 1159 942 838 771 716 683 653 626 613 582 545 542 517 505 514 538
-32768 -32768 -32768 -32768 -32768 -32768 -32768 -32768 -32768 -32768 -32768 -32768 -32768 1734 1737 1742 1767 1724 1640 1604 1537 1558 1542 1495 1462 1461 1433 1420 1478 1466 1325 1277 1284 1238 1173 1155 1161 1079 1072 1077 928 879 943 982 990 1010 1033 1136 1178 1162 1148 1156 1128 1205 1192 1164 1180 1231 1235 1210 1346 1374 1150 1128 1193 1290 1399 1479 1506 1454 1367 1116 952 842 767 711 676 642 612 584 549 522 517 501 487 531 592
-32768 -32768 -32768 -32768 -32768 -32768 -32768 -32768 -32768 -32768 -32768 -32768 1800 1784 1791 1785 1768 1783 1663 1636 1572 1577 1583 1516 1476 1484 1474 1397 1424 1395 1326 1325 1326 1258 1196 1169 1166 1219 1098 914 890 992 925 898 942 987 1065 1066 1077 1135 1047 1044 1153 1164 1128 1102 1157 1232 1225 1213 1281 1221 1108 1122 1171 1250 1419 1626 1631 1549 1474 1307 1130 941 756 707 668 631 602 572 545 521 507 496 482 534 650
-32768 -32768 -32768 -32768 -32768 -32768 -32768 -32768 -32768 -32768 -32768 -32768 1842 1846 1849 1826 1790 1796 1740 1676 1631 1556 1601 1535 1520 1511 1519 1491 1415 1399 1316 1294 1298 1264 1243 1127 1089 1008 903 865 864 852 919 931 907 911 938 953 996 982 1056 1090 1041 1168 1160 1141 1197 1306 1374 1260 1172 1115 1084 1102 1158 1226 1364 1624 1519 1455 1458 1503 1299 958 767 693 656 618 590 564 553 523 510 524 485 557 793
-32768 -32768 -32768 -32768 -32768 -32768 -32768 -32768 -32768 -32768 -32768 1897 1883 1891 1889 1875 1809 1828 1768 1724 1668 1616 1555 1560 1561 1579 1538 1530 1484 1407 1351 1338 1293 1208 1120 1104 1093 1058 1006 1020 1064 975 967 1028 996 1012 954 990 1017 971 1014 1101 1142 1125 1180 1286 1283 1373 1221 1119 1100 1085 1175 1232 1180 1206 1353 1505 1594 1543 1488 1378 1217 894 731 681 645 611 585 559 564 540 526 506 484 504 636
-32768 -32768 -32768 -32768 -32768 -32768 -32768 -32768 -32768 -32768 1919 1918 1901 1929 1946 1917 1877 1838 1761 1711 1716 1655 1581 1589 1601 1590 1570 1508 1433 1382 1333 1318 1275 1197 1157 1129 1112 1080 1094 1079 1021 976 1006 1012 1028 1026 1010 1042 1038 1002 970 988 1149 1188 1168 1130 1131 1172 1165 1089 1068 1065 1121 1214 1356 1350 1478 1537 1362 1387 1255 1126 1014 849 731 673 634 600 577 560 591 553 544 520 494 482 539
-32768 -32768 -32768 -32768 -32768 -32768 -32768 -32768 -32768 -32768 1947 1916 1907 1910 1870 1874 1834 1811 1757 1718 1696 1705 1654 1587 1604 1573 1526 1476 1442 1397 1332 1284 1224 1169 1145 1134 1093 1102 1064 1034 1028 990 949 954 985 968 949 1002 1047 1071 1079 999 1028 1118 1104 1047 1060 1071 1131 1088 1049 1036 1045 1234 1248 1188 1377 1424 1368 1087 947 964 960 847 749 660 619 595 582 581 550 584 568 524 495 483 543
-32768 -32768 -32768 -32768 -32768 -32768 -32768 -32768 -32768 -32768 -32768 1913 1913 1916 1912 1896 1877 1852 1811 1782 1753 1708 1641 1630 1607 1557 1510 1468 1424 1388 1354 1296 1232 1174 1121 1090 1095 1042 988 945 929 911 950 947 1044 1040 958 1054 1049 1117 1100 1056 1094 1075 1013 974 1000 1048 1101 1067 1028 1002 989 1011 1089 1290 1302 1368 1268 945 805 768 865 857 755 648 608 585 571 544 550 578 557 514 488 478 539
-32768 -32768 -32768 -32768 -32768 -32768 -32768 -32768 -32768 -32768 -32768 1918 1919 1948 1924 1926 1883 1850 1821 1798 1767 1724 1660 1633 1601 1555 1471 1425 1402 1359 1329 1304 1239 1198 1160 1085 1033 1004 962 945 955 955 997 1026 999 947 1021 1031 1043 1010 936 926 975 966 917 970 993 1037 1008 1011 1003 979 962 946 985 1116 1135 1312 1080 873 760 717 707 746 725 645 657 657 573 540 537 561 579 542 496 478 497
-32768 -32768 -32768 -32768 -32768 -32768 -32768 -32768 -32768 -32768 -32768 -32768 -32768 1944 1947 1944 1901 1871 1838 1800 1781 1723 1671 1636 1577 1513 1471 1443 1382 1340 1290 1269 1207 1171 1130 1063 1036 989 941 931 931 966 1069 964 947 866 900 934 954 904 866 816 902 909 831 901 846 925 1020 1043 980 953 950 936 956 1171 1130 1202 1197 1013 732 693 660 673 650 617 586 557 574 585 539 545 588 601 537 517 503
-32768 -32768 -32768 -32768 -32768 -32768 -32768 -32768 -32768 -32768 -32768 -32768 -32768 -32768 1952 1952 1910 1885 1841 1807 1770 1723 1655 1620 1580 1544 1500 1486 1443 1353 1287 1239 1192 1142 1091 1035 997 954 914 914 897 924 908 898 853 869 816 860 898 814 903 825 739 807 830 797 936 968 1021 1059 963 931 949 973 940 1127 1322 1279 1145 921 712 674 639 628 595 548 568 537 530 546 520 515 642 619 547 627 515
-32768 -32768 -32768 -32768 -32768 -32768 -32768 -32768 -32768 -32768 -32768 -32768 -32768 -32768 1947 1945 1907 1884 1846 1813 1766 1726 1673 1639 1595 1548 1528 1501 1439 1356 1298 1249 1211 1143 1098 1071 1024 960 927 918 891 918 887 809 778 831 832 769 772 741 823 720 699 787 804 775 836 897 965 969 926 902 912 1024 947 1066 1209 1075 1023 811 694 656 621 590 578 537 549 505 480 468 483 512 597 568 521 529 489
-32768 -32768 -32768 -32768 -32768 -32768 -32768 -32768 -32768 -32768 -32768 -32768 -32768 -32768 1951 1952 1933 1896 1863 1817 1780 1742 1688 1655 1603 1566 1521 1447 1402 1369 1308 1250 1204 1145 1093 1054 997 937 890 877 853 874 856 738 723 725 711 774 756 686 667 643 654 739 749 795 811 845 885 887 877 866 869 905 1020 1013 1133 1054 969 778 675 639 607 574 551 534 579 520 489 463 475 466 484 496 498 503 478
-32768 -32768 -32768 -32768 -32768 -32768 -32768 -32768 -32768 -32768 -32768 -32768 -32768 -32768 1986 1976 1943 1912 1878 1839 1794 1745 1714 1673 1621 1556 1516 1457 1404 1348 1302 1251 1209 1158 1104 1052 987 933 886 871 865 884 839 727 716 776 750 718 665 621 598 596 603 643 743 811 835 873 878 853 833 827 842 862 1034 1040 1051 980 1145 849 657 622 590 557 532 569 586 583 487 530 541 442 434 443 448 464 456
-32768 -32768 -32768 -32768 -32768 -32768 -32768 -32768 -32768 -32768 -32768 -32768 -32768 2012 2009 1989 1958 1929 1895 1851 1780 1778 1728 1694 1631 1576 1525 1473 1412 1353 1311 1255 1207 1156 1106 1060 1001 946 894 857 844 839 823 729 716 719 685 659 602 584 588 566 573 583 603 637 701 785 863 889 837 811 819 871 1007 1029 1001 872 845 722 642 608 575 544 519 558 614 576 563 628 501 441 426 426 435 437 438
-32768 -32768 -32768 -32768 -32768 -32768 -32768 -32768 -32768 -32768 -32768 -32768 -32768 2037 2021 2008 1958 1912 1907 1841 1790 1732 1700 1709 1633 1583 1516 1480 1411 1350 1300 1266 1200 1157 1113 1073 1015 957 900 849 810 782 786 730 690 667 640 608 585 562 538 535 541 553 610 639 622 654 744 874 905 829 857 950 1173 997 906 757 696 669 627 592 560 531 504 544 631 552 590 665 493 452 432 427 430 425 423
-32768 -32768 -32768 -32768 -32768 -32768 -32768 -32768 -32768 -32768 -32768 -32768 -32768 2050 2047 2023 1969 1917 1865 1819 1774 1746 1765 1746 1665 1618 1595 1542 1437 1392 1325 1259 1202 1169 1137 1088 1035 978 919 868 826 830 776 753 684 696 654 615 577 541 520 516 544 566 593 672 661 645 697 775 843 824 855 877 869 859 821 764 791 777 655 580 551 524 491 467 489 464 551 612 584 467 422 455 473 468 441
-32768 -32768 -32768 -32768 -32768 -32768 -32768 -32768 -32768 -32768 -32768 -32768 -32768 2069 2059 2042 1985 1946 1905 1837 1767 1779 1711 1696 1677 1577 1532 1475 1463 1449 1322 1253 1211 1205 1175 1108 1050 996 939 886 841 823 808 778 703 691 742 733 642 540 517 510 563 646 673 650 744 696 704 707 750 807 874 854 839 896 796 800 967 910 771 572 565 518 479 453 437 453 433 405 400 454 427 395 423 455 453
-32768 -32768 -32768 -32768 -32768 -32768 -32768 -32768 -32768 -32768 -32768 -32768 -32768 2056 2065 2045 2007 1996 1947 1888 1793 1799 1747 1779 1701 1585 1504 1460 1437 1477 1380 1273 1252 1260 1181 1114 1043 1002 953 905 859 811 769 762 768 765 745 708 603 554 528 517 523 615 762 738 707 818 839 829 831 800 830 833 813 790 760 749 838 880 838 558 533 498 468 441 429 433 421 380 372 373 406 378 376 391 418
-32768 -32768 -32768 -32768 -32768 -32768 -32768 -32768 -32768 -32768 -32768 -32768 -32768 -32768 2042 2054 2035 2008 1913 1885 1893 1886 1851 1779 1659 1700 1605 1510 1422 1408 1370 1386 1321 1302 1228 1149 1072 1007 973 946 887 821 781 753 715 739 681 649 653 622 561 533 517 547 640 764 846 870 850 889 862 842 838 816 805 776 726 679 652 629 648 542 515 488 457 429 405 421 424 384 363 356 375 368 361 377 389
-32768 -32768 -32768 -32768 -32768 -32768 -32768 -32768 -32768 -32768 -32768 -32768 -32768 -32768 2066 2060 2049 2007 1940 1947 1962 1928 1827 1758 1644 1622 1591 1499 1416 1382 1410 1412 1391 1297 1226 1151 1074 1017 1009 927 884 838 797 754 736 693 655 658 686 694 733 638 552 541 526 585 658 657 720 839 874 838 816 798 777 729 706 703 621 583 555 526 497 474 448 420 394 370 369 397 395 346 350 352 348 366 371
-32768 -32768 -32768 -32768 -32768 -32768 -32768 -32768 -32768 -32768 -32768 -32768 -32768 -32768 -32768 2061 2052 2027 1959 1966 1987 1950 1894 1713 1606 1609 1575 1495 1424 1424 1436 1416 1454 1270 1193 1124 1090 1056 1039 934 892 849 803 795 803 780 672 634 622 679 774 743 692 642 620 545 544 602 754 805 843 811 789 758 685 647 646 642 609 562 538 517 490 458 435 407 379 348 333 330 343 335 352 345 342 343 354
-32768 -32768 -32768 -32768 -32768 -32768 -32768 -32768 -32768 -32768 -32768 -32768 -32768 -32768 -32768 2059 2059 2056 2022 2029 2014 1953 1921 1867 1707 1563 1539 1473 1436 1379 1395 1453 1492 1398 1325 1222 1097 1031 1002 952 1003 887 827 832 802 728 673 685 633 623 666 686 779 862 727 696 597 565 594 706 779 790 713 671 648 640 609 595 573 538 523 505 486 456 432 400 370 340 325 322 329 350 352 325 332 347 367
-32768 -32768 -32768 -32768 -32768 -32768 -32768 -32768 -32768 -32768 -32768 -32768 -32768 -32768 -32768 2044 2053 2064 2042 2031 1974 1966 1950 1830 1744 1627 1543 1514 1473 1445 1496 1572 1502 1439 1326 1179 1090 1042 1103 1127 1180 959 853 828 774 714 700 682 675 675 715 762 774 1018 921 871 743 631 604 617 734 690 624 605 622 631 589 571 546 517 507 470 439 434 426 394 366 342 328 320 372 403 368 341 330 351 368
-32768 -32768 -32768 -32768 -32768 -32768 -32768 -32768 -32768 -32768 -32768 -32768 -32768 -32768 -32768 -32768 2016 2030 2040 2051 2047 2032 2036 1855 1819 1674 1656 1532 1451 1438 1598 1578 1488 1399 1186 1145 1093 1039 1073 1157 1048 947 872 810 772 723 747 765 799 866 978 991 935 1009 960 826 711 700 687 695 752 701 628 575 589 581 561 542 522 503 480 441 437 403 399 386 363 347 337 323 321 331 324 332 336 327 345
-32768 -32768 -32768 -32768 -32768 -32768 -32768 -32768 -32768 -32768 -32768 -32768 -32768 -32768 -32768 -32768 -32768 2003 2034 2046 2063 2073 2029 1878 1873 1731 1618 1516 1477 1548 1583 1482 1396 1282 1185 1145 1187 1160 1093 1096 1046 1046 1001 839 767 741 731 771 820 962 1099 1042 860 753 727 637 592 623 708 652 606 579 559 549 555 549 533 518 506 487 461 434 409 394 395 379 360 346 335 323 318 315 315 314 315 317 324
-32768 -32768 -32768 -32768 -32768 -32768 -32768 -32768 -32768 -32768 -32768 -32768 -32768 -32768 -32768 -32768 -32768 -32768 -32768 2055 2079 2055 2045 1885 1866 1819 1749 1583 1493 1472 1541 1436 1296 1285 1213 1189 1113 1132 1081 1057 1085 1033 904 815 801 814 789 859 846 961 830 819 804 650 695 666 564 563 584 584 544 535 537 530 526 526 519 510 487 460 440 424 408 393 385 373 360 347 337 329 322 318 318 314 313 314 322
-32768 -32768 -32768 -32768 -32768 -32768 -32768 -32768 -32768 -32768 -32768 -32768 -32768 -32768 -32768 -32768 -32768 -32768 -32768 1998 2061 2093 2045 1953 1884 1766 1663 1639 1636 1571 1533 1389 1298 1243 1224 1179 1140 1077 1033 976 1025 970 964 1008 902 957 910 1011 1085 990 783 647 615 669 705 702 648 546 540 538 532 536 531 527 527 543 535 492 467 443 423 409 396 382 372 362 359 349 341 333 328 323 328 319 316 319 325
-32768 -32768 -32768 -32768 -32768 -32768 -32768 -32768 -32768 -32768 -32768 -32768 -32768 -32768 -32768 -32768 -32768 -32768 -32768 1959 2016 2097 1952 1957 1948 1745 1619 1785 1783 1656 1458 1341 1332 1323 1236 1174 1158 1194 1072 1006 976 926 900 917 795 779 730 761 826 963 712 623 589 614 562 586 737 580 538 537 544 537 532 528 543 633 645 510 456 429 409 393 382 373 368 378 359 351 346 341 336 332 334 328 327 328 334
-32768 -32768 -32768 -32768 -32768 -32768 -32768 -32768 -32768 -32768 -32768 -32768 -32768 -32768 -32768 -32768 -32768 -32768 1893 1930 2016 2096 2002 2087 2107 2010 1846 1789 1768 1627 1495 1358 1302 1338 1205 1197 1149 1131 1189 1010 1071 980 939 916 826 750 721 715 673 663 622 611 583 566 567 544 573 541 533 551 539 537 533 529 537 634 649 622 466 416 396 380 372 368 366 372 365 359 353 348 349 342 345 340 340 340 345
-32768 -32768 -32768 -32768 -32768 -32768 -32768 -32768 -32768 -32768 -32768 -32768 -32768 -32768 -32768 -32768 -32768 -32768 1847 1900 2012 2119 2115 2056 1950 1880 1628 1571 1632 1454 1399 1357 1306 1310 1241 1199 1144 1124 1260 1223 1106 932 907 870 822 794 715 720 686 640 597 600 566 619 622 536 566 535 545 532 539 545 541 529 529 614 740 677 624 438 387 370 367 368 403 396 370 368 364 384 359 355 355 352 351 351 356
-32768 -32768 -32768 -32768 -32768 -32768 -32768 -32768 -32768 -32768 -32768 -32768 -32768 -32768 -32768 -32768 -32768 -32768 1816 1884 2011 2113 2070 2058 1939 1837 1683 1652 1545 1433 1388 1356 1332 1285 1246 1185 1158 1180 1291 1207 1104 938 884 898 907 865 772 727 679 686 639 663 708 637 557 575 531 531 536 539 551 550 538 535 526 528 539 567 610 447 391 372 374 377 386 382 382 380 377 374 375 372 369 366 366 365 367
-32768 -32768 -32768 -32768 -32768 -32768 -32768 -32768 -32768 -32768 -32768 -32768 -32768 -32768 -32768 -32768 -32768 -32768 -32768 1914 2032 2096 2094 1984 2035 1921 1838 1784 1540 1443 1428 1363 1321 1329 1315 1349 1291 1318 1157 1155 1012 931 890 991 994 904 936 741 682 688 805 740 688 708 681 553 524 534 555 559 567 569 574 571 550 544 743 629 540 500 457 426 401 409 417 400 400 399 398 394 396 399 401 393 383 380 381
-32768 -32768 -32768 -32768 -32768 -32768 -32768 -32768 -32768 -32768 -32768 -32768 -32768 -32768 -32768 -32768 -32768 -32768 -32768 -32768 2054 2059 2018 1942 1824 1885 1983 1781 1626 1548 1435 1385 1337 1282 1235 1274 1267 1346 1126 1102 969 1073 1045 1009 901 775 779 761 764 786 678 591 596 755 652 550 531 533 553 577 585 594 603 603 568 571 671 622 565 505 479 482 438 429 437 423 428 436 422 430 446 468 446 435 410 396 396
-32768 -32768 -32768 -32768 -32768 -32768 -32768 -32768 -32768 -32768 -32768 -32768 -32768 -32768 -32768 -32768 -32768 -32768 -32768 -32768 2050 2053 2006 1980 1813 1750 1847 1726 1725 1554 1410 1389 1327 1343 1242 1258 1301 1319 1112 1035 999 985 1187 1035 846 782 767 715 657 629 594 577 596 596 595 643 571 570 565 597 614 619 632 633 585 622 713 560 552 521 498 477 468 458 456 452 452 458 458 480 538 591 562 533 480 423 413
-32768 -32768 -32768 -32768 -32768 -32768 -32768 -32768 -32768 -32768 -32768 -32768 -32768 -32768 -32768 -32768 -32768 -32768 -32768 -32768 -32768 2026 2020 2009 1903 1774 1731 1571 1500 1527 1425 1374 1370 1420 1282 1428 1350 1234 1103 1132 1074 1014 1137 1127 924 946 1118 828 654 624 605 574 564 550 571 625 726 602 568 618 633 651 666 662 653 610 594 580 648 596 544 519 506 496 490 488 551 523 520 560 653 662 689 666 551 447 432
-32768 -32768 -32768 -32768 -32768 -32768 -32768 -32768 -32768 -32768 -32768 -32768 -32768 -32768 -32768 -32768 -32768 -32768 -32768 -32768 -32768 2006 2008 1974 1965 1833 1690 1609 1569 1459 1421 1378 1348 1326 1423 1467 1180 1164 1105 1217 1167 1111 1124 1105 1071 1205 1040 816 668 624 603 589 568 589 613 608 677 586 595 638 658 682 701 702 687 659 620 599 676 650 589 687 635 545 535 552 588 588 615 604 641 663 639 647 555 472 449
-32768 -32768 -32768 -32768 -32768 -32768 -32768 -32768 -32768 -32768 -32768 -32768 -32768 -32768 -32768 -32768 -32768 -32768 -32768 -32768 -32768 -32768 1973 1985 1960 1780 1607 1648 1616 1516 1427 1396 1350 1382 1357 1452 1208 1152 1167 1192 1117 960 1006 955 1098 1109 1003 856 743 633 616 602 582 669 728 652 703 616 608 655 686 716 723 719 692 662 646 645 870 771 642 688 749 661 597 595 610 595 570 556 569 578 570 543 574 494 463
