Lab10/future/bio15.asc
NCOLS 269 
NROWS 261 
XLLCORNER -125 
YLLCORNER 32.25 
CELLSIZE 0.0416666666666667 
NODATA_value -32768 
[rows 172 to 214 of 261, columns 96 to 191 of 269]
97 96 97 97 97 97 97 97 96 96 96 96 96 95 95 95 94 94 94 94 93 92 91 91 91 91 91 91 91 90 89 89 89 89 89 89 88 88 88 86 86 85 84 85 84 84 85 85 85 86 87 87 87 88 88 88 87 86 85 86 85 84 82 79 78 79 79 79 78 76 75 74 74 71 68 67 66 67 67 66 63 61 61 61 60 58 57 58 57 57 57 55 53 53 52 52
96 96 97 97 97 97 97 97 97 97 96 96 96 96 96 95 95 95 94 94 93 93 92 93 91 91 91 91 91 91 89 88 89 89 89 88 88 87 87 86 86 84 84 84 84 84 85 85 85 85 86 87 87 88 88 88 87 87 85 86 86 84 82 81 79 80 79 80 79 77 76 76 74 72 70 69 68 68 68 67 65 63 61 61 61 59 58 59 58 57 57 56 54 53 52 52
96 97 97 98 98 99 98 98 98 98 97 97 96 96 96 96 96 95 94 94 94 93 92 93 92 92 92 91 91 91 89 88 89 89 88 88 88 87 87 86 84 84 83 84 84 84 84 85 85 85 85 87 87 88 88 88 87 87 85 85 85 86 83 81 80 80 80 80 79 78 77 76 74 72 71 71 69 68 67 67 66 64 61 60 60 60 59 60 59 57 56 56 55 53 53 52
96 97 97 98 99 99 99 99 99 98 98 98 97 96 97 97 96 96 95 94 94 94 93 92 92 92 92 91 91 91 90 89 89 89 88 88 88 87 86 85 84 84 83 83 83 83 83 84 85 85 85 86 87 87 88 87 87 86 85 86 86 86 83 82 81 81 80 80 79 78 77 77 75 73 72 73 70 69 69 70 69 67 63 62 61 60 61 60 60 58 56 56 56 54 53 53
97 97 97 98 99 100 101 100 100 99 99 98 97 97 96 97 97 96 95 95 94 94 93 92 92 92 92 92 91 91 89 88 88 88 88 87 86 86 85 85 85 83 83 83 83 83 83 84 85 85 85 86 87 88 88 87 87 86 86 86 85 88 85 83 82 81 81 80 79 78 77 77 75 73 73 72 69 71 72 71 70 69 66 63 62 62 62 59 60 59 57 56 56 55 55 54
96 97 98 98 99 100 100 102 102 101 100 99 99 98 97 97 97 97 96 95 94 94 94 93 93 93 92 91 91 91 89 89 88 87 87 87 86 86 85 85 85 85 83 83 83 83 83 84 85 85 85 86 87 87 87 87 86 86 86 85 86 87 86 84 83 82 81 81 80 79 77 77 76 74 73 71 71 74 73 73 71 69 68 65 63 62 62 60 60 60 58 56 56 56 55 54
97 97 98 98 99 99 101 102 102 102 102 100 99 99 98 98 97 96 95 95 95 95 94 94 92 92 92 92 91 90 89 89 88 87 87 87 87 86 86 85 85 85 84 83 83 84 84 85 85 84 85 86 87 87 87 87 86 86 86 85 87 88 87 86 85 84 83 81 80 79 78 77 77 75 72 71 73 74 73 74 73 70 68 66 65 62 62 62 60 60 58 56 55 55 55 54
97 98 98 98 98 99 100 102 103 102 101 100 100 99 99 98 97 96 95 95 95 95 94 94 93 93 92 92 91 90 89 88 88 87 87 87 87 86 86 85 85 85 85 84 83 84 84 85 84 84 85 86 86 87 87 86 86 86 86 86 87 86 86 85 84 84 82 81 80 80 79 78 77 76 73 71 71 73 72 74 73 70 69 65 64 63 64 62 62 61 58 58 56 55 54 53
97 97 98 99 99 99 101 102 102 102 101 100 99 99 99 98 98 96 96 95 95 95 95 94 93 93 93 92 91 90 89 88 87 87 87 87 86 86 86 86 85 85 85 85 83 84 84 84 84 84 85 85 86 86 86 86 86 86 86 87 86 85 84 83 83 83 82 81 80 80 79 78 77 75 73 72 70 71 71 72 71 69 67 67 64 64 64 62 61 59 59 58 56 55 53 53
96 98 98 99 99 100 101 102 101 101 101 101 99 99 99 98 98 97 96 96 95 95 94 94 93 93 93 92 91 90 90 88 87 87 87 86 86 86 86 86 85 85 85 85 84 84 83 84 84 84 84 85 86 86 86 86 86 86 86 86 85 84 83 83 83 82 81 81 81 80 79 78 77 75 74 74 74 73 72 72 70 68 66 66 67 67 65 61 60 59 58 57 56 55 53 53
95 96 98 99 99 100 100 101 101 100 100 101 100 99 99 98 98 97 97 96 95 95 94 94 94 93 92 92 92 90 90 88 88 87 86 86 85 85 85 85 84 84 84 84 84 84 84 84 84 83 84 84 85 86 86 86 86 85 85 85 84 84 84 83 83 82 81 81 81 80 78 77 76 75 75 74 73 73 73 71 70 69 68 68 68 66 65 63 62 60 58 57 56 55 54 53
94 96 97 99 99 99 100 101 101 100 100 100 99 98 98 98 98 97 97 96 95 95 94 94 94 93 93 92 91 91 90 89 88 87 86 86 85 85 85 85 84 84 83 83 83 84 83 84 84 83 84 84 84 85 85 85 86 86 85 84 85 84 84 84 83 83 82 81 81 80 78 77 76 75 75 76 74 74 73 72 72 71 70 68 68 67 64 64 61 60 57 58 56 55 55 53
-32768 95 96 98 100 100 99 100 101 101 100 99 99 98 97 98 97 97 97 96 95 95 94 94 94 94 93 93 92 91 90 89 88 87 86 85 85 84 84 84 84 84 84 83 83 83 84 83 83 83 83 83 83 85 85 85 85 86 85 84 84 84 84 84 84 83 81 81 81 80 78 77 76 75 75 76 75 73 73 72 72 71 70 69 68 66 64 63 61 59 58 59 58 57 57 54
-32768 -32768 -32768 97 99 100 99 99 100 101 100 99 98 98 97 97 97 97 97 96 96 95 95 95 94 94 94 93 93 92 90 89 88 87 86 85 85 85 84 84 84 84 84 83 83 83 84 84 83 83 83 83 83 83 84 84 84 84 84 84 83 83 83 83 83 83 81 81 80 79 78 78 77 77 76 75 75 75 75 72 72 71 70 68 67 67 64 64 63 61 63 60 57 58 59 56
-32768 -32768 -32768 97 98 100 101 100 99 99 100 100 99 99 98 97 97 96 96 96 96 95 95 95 94 94 94 94 93 93 91 90 89 88 87 86 85 84 84 84 84 84 84 84 83 83 84 84 82 83 83 83 83 83 84 84 84 84 83 83 83 82 82 82 83 83 80 80 80 79 79 78 78 77 77 76 76 75 74 74 73 72 71 68 67 66 64 64 64 62 62 61 57 55 55 54
-32768 -32768 96 97 98 99 101 102 102 99 98 99 99 99 98 98 97 96 96 96 96 95 95 95 95 95 94 94 94 93 93 91 90 89 88 88 86 85 84 84 84 84 84 84 83 84 83 84 82 83 83 84 83 83 83 83 84 83 83 83 83 82 82 81 81 82 80 79 79 79 78 77 78 78 77 76 75 74 75 74 73 71 70 69 67 66 64 64 64 63 62 62 57 54 54 53
-32768 -32768 97 98 99 99 100 102 102 100 98 99 98 98 98 97 97 97 96 96 96 96 96 95 95 95 94 94 94 94 93 93 92 90 89 88 88 86 85 84 84 84 84 84 84 84 84 84 83 83 84 84 84 84 83 83 83 83 83 83 82 82 81 81 81 82 81 79 79 79 78 78 79 78 76 75 75 75 74 73 72 70 69 68 67 66 63 64 64 63 62 62 57 55 54 53
-32768 -32768 98 98 98 99 99 100 101 101 100 98 99 98 98 98 97 97 97 96 96 96 96 96 96 95 94 94 94 94 94 93 92 91 89 88 86 85 84 83 83 83 84 84 84 84 84 85 84 84 84 84 84 84 83 84 85 83 83 82 82 83 83 82 82 83 83 81 79 78 78 79 79 77 76 75 75 74 73 72 71 70 69 68 67 66 64 63 63 62 60 59 56 55 54 54
-32768 -32768 -32768 98 98 99 99 100 100 100 100 99 99 99 98 98 98 97 97 97 96 96 96 96 96 96 95 94 94 94 94 94 94 92 91 89 87 86 84 84 84 84 85 85 85 85 85 86 85 85 85 84 85 84 84 84 86 85 83 82 82 84 83 82 82 83 83 82 79 79 77 78 79 77 76 75 75 74 73 73 73 71 69 68 67 67 64 63 62 60 59 58 59 56 56 55
-32768 -32768 -32768 -32768 -32768 -32768 -32768 100 99 99 99 99 99 98 98 97 97 97 97 97 97 97 96 96 96 96 95 95 95 94 94 94 94 94 93 91 89 86 86 85 85 85 85 86 86 86 86 86 87 87 85 85 85 84 84 84 84 83 84 83 80 81 81 81 81 84 82 80 79 80 77 78 78 77 76 76 75 74 73 73 72 71 70 67 66 65 64 62 61 60 61 59 56 57 57 56
-32768 -32768 -32768 -32768 -32768 -32768 -32768 -32768 98 98 99 99 98 98 98 97 97 97 97 97 97 97 96 96 96 96 96 95 95 95 95 94 94 94 94 93 92 89 86 86 86 86 87 87 87 87 87 87 87 87 86 86 84 84 85 84 83 83 83 83 83 81 81 81 81 81 79 79 79 80 77 79 79 77 77 76 74 74 73 72 71 70 70 69 66 65 63 62 61 61 60 58 56 55 58 58
-32768 -32768 -32768 -32768 -32768 -32768 -32768 -32768 97 97 98 98 98 97 97 97 97 97 97 97 97 97 97 97 97 97 96 96 95 95 95 95 95 94 94 94 93 91 88 88 88 88 88 88 88 88 88 88 88 87 87 86 85 84 84 85 84 86 86 87 86 86 84 82 81 80 80 80 79 80 77 80 79 78 78 77 75 74 72 72 71 70 70 68 67 66 65 64 62 61 60 57 56 55 58 61
-32768 -32768 -32768 -32768 -32768 -32768 -32768 -32768 97 97 97 97 98 97 97 97 96 97 97 97 97 97 97 96 97 97 97 97 96 96 95 96 95 95 95 95 94 93 92 91 90 90 90 90 89 89 88 88 87 87 87 86 85 85 85 86 84 84 85 86 87 86 85 83 81 81 82 81 81 81 80 79 79 79 78 79 76 76 75 73 72 70 70 68 67 66 65 64 64 62 60 57 56 55 55 56
-32768 -32768 -32768 -32768 -32768 -32768 -32768 -32768 96 97 97 98 98 98 97 96 97 97 97 97 97 97 97 97 96 97 97 97 97 97 96 96 96 95 95 95 95 94 94 93 92 92 91 91 90 90 89 89 88 87 87 86 86 86 86 85 85 87 86 86 85 85 84 83 83 83 82 82 82 81 81 81 80 79 79 79 79 78 77 74 73 71 70 68 67 66 66 64 63 62 59 58 57 55 55 55
-32768 -32768 -32768 -32768 -32768 -32768 -32768 -32768 96 96 97 97 98 98 98 97 97 97 97 97 98 97 98 98 97 96 96 97 97 98 97 97 97 97 96 96 95 94 93 94 93 93 92 92 91 90 89 89 89 88 88 87 87 86 86 87 87 88 86 84 84 84 85 85 85 85 84 84 83 82 82 81 80 80 81 81 81 79 77 74 73 72 70 69 67 66 65 64 61 60 59 60 58 57 55 55
-32768 -32768 -32768 -32768 -32768 -32768 -32768 -32768 96 96 96 97 98 98 97 97 97 97 97 97 98 98 98 98 98 97 96 96 95 97 97 98 97 97 97 97 96 95 93 93 93 92 91 91 91 90 90 89 88 88 88 87 87 86 87 87 87 86 85 86 87 88 87 87 87 86 86 85 84 83 82 81 82 81 83 82 82 81 78 76 74 73 71 69 67 66 65 64 62 59 59 59 58 57 56 56
-32768 -32768 -32768 -32768 -32768 -32768 -32768 -32768 -32768 96 96 97 97 97 97 97 97 97 97 98 98 98 98 98 98 98 98 98 96 96 97 97 97 97 97 97 97 95 94 93 93 92 92 91 91 91 91 91 90 90 88 87 86 88 87 87 88 88 89 89 89 90 89 88 88 88 87 86 86 85 84 83 83 82 83 84 83 80 78 77 74 73 72 71 69 67 65 62 60 59 59 60 58 56 56 56
-32768 -32768 -32768 -32768 -32768 -32768 -32768 -32768 -32768 96 96 96 96 97 97 97 97 97 98 98 98 98 98 99 99 98 99 99 99 97 96 95 96 95 96 96 97 97 95 94 93 93 92 91 90 90 91 91 90 90 89 88 88 87 88 90 90 90 91 91 91 91 90 89 89 89 88 87 87 87 85 84 84 84 83 83 82 80 80 79 75 74 73 71 70 68 65 63 63 61 61 60 58 57 57 57
-32768 -32768 -32768 -32768 -32768 -32768 -32768 -32768 95 95 95 96 97 97 97 97 98 98 98 98 98 99 99 98 99 99 99 98 98 99 97 96 95 96 96 95 95 97 95 94 93 93 92 92 91 91 91 91 90 90 90 89 88 88 89 90 90 91 91 92 92 92 91 90 89 90 90 89 88 88 86 85 85 84 84 83 81 81 80 79 77 75 74 72 69 68 65 64 64 61 60 59 59 60 59 58
-32768 -32768 -32768 -32768 -32768 -32768 -32768 -32768 -32768 95 94 96 97 97 97 98 98 98 98 99 99 99 99 99 98 98 98 97 96 96 96 96 95 95 96 95 95 95 96 95 94 94 93 93 92 92 92 92 91 91 90 90 91 90 89 90 90 90 90 91 93 94 93 91 90 90 91 90 89 89 87 87 86 86 86 85 83 82 82 81 79 79 78 75 71 67 65 65 62 62 60 63 64 64 62 61
-32768 -32768 -32768 -32768 -32768 -32768 -32768 -32768 -32768 96 95 96 97 98 98 98 98 98 99 99 99 100 100 100 100 100 100 98 96 97 97 96 95 95 96 96 95 95 95 96 95 94 94 93 92 92 92 92 91 91 91 92 92 92 91 91 90 90 90 90 90 92 93 92 91 90 90 90 89 89 88 88 88 88 87 87 84 84 84 83 82 80 79 77 73 69 66 66 64 68 65 66 67 70 71 67
-32768 -32768 -32768 -32768 -32768 -32768 -32768 -32768 -32768 96 96 97 97 98 99 99 99 99 99 100 100 100 100 101 101 101 101 101 100 100 98 97 98 98 98 97 97 95 95 94 93 93 93 93 93 93 93 92 92 91 92 92 92 93 93 94 92 92 92 93 92 91 91 91 90 90 89 89 89 88 89 88 88 88 87 87 87 86 86 84 84 82 80 78 75 71 68 67 67 74 67 67 69 71 72 66
-32768 -32768 -32768 -32768 -32768 -32768 -32768 -32768 96 96 97 97 98 98 99 99 99 100 100 100 101 101 101 101 101 102 102 102 102 101 99 101 100 101 98 97 95 95 95 95 95 94 94 93 93 93 93 93 93 93 93 92 93 95 94 94 94 93 94 94 93 93 92 90 90 89 88 88 89 89 89 89 89 89 88 88 87 87 87 86 85 83 82 80 77 73 69 68 71 70 66 66 69 70 75 73
-32768 -32768 -32768 -32768 -32768 -32768 -32768 -32768 96 97 97 98 98 99 99 99 99 100 100 100 101 101 101 101 101 102 102 103 103 103 103 103 104 103 102 99 95 96 96 96 95 96 96 96 96 96 96 95 95 95 94 95 96 96 95 95 95 94 94 94 94 93 92 91 90 90 89 87 87 88 89 89 89 89 88 88 88 88 88 87 86 85 85 83 80 77 73 70 69 69 68 67 72 70 72 75
-32768 -32768 -32768 -32768 -32768 -32768 -32768 -32768 -32768 -32768 -32768 98 99 99 99 100 100 100 101 100 100 101 101 101 100 101 102 102 103 102 103 104 105 105 103 100 97 97 102 101 99 100 97 96 95 94 94 94 95 96 95 94 95 97 96 95 95 95 94 94 94 94 93 92 91 89 88 88 88 86 87 88 89 88 89 89 89 89 89 89 88 88 87 85 83 81 78 75 73 72 71 71 71 74 76 75
-32768 -32768 -32768 -32768 -32768 -32768 -32768 -32768 -32768 -32768 -32768 -32768 99 99 100 100 101 101 101 101 102 102 103 103 103 103 104 104 105 105 104 103 103 104 103 102 101 99 99 102 105 103 102 101 97 95 96 95 96 99 97 96 97 98 98 97 96 96 95 94 94 94 94 93 92 90 88 88 87 89 90 89 89 89 89 90 90 90 90 90 89 89 88 87 86 84 83 81 78 76 76 75 74 74 77 72
-32768 -32768 -32768 -32768 -32768 -32768 -32768 -32768 -32768 -32768 -32768 -32768 100 100 -32768 -32768 -32768 -32768 -32768 -32768 -32768 -32768 -32768 -32768 105 105 106 107 108 107 107 107 107 107 107 106 106 105 105 106 107 107 107 105 103 102 100 97 98 102 99 99 99 99 98 98 98 97 96 95 95 95 95 94 93 92 91 89 88 90 91 91 91 91 91 91 91 91 91 90 90 89 89 88 88 87 86 84 82 81 79 77 78 76 75 74
-32768 -32768 -32768 -32768 -32768 -32768 -32768 -32768 -32768 -32768 -32768 -32768 -32768 -32768 -32768 -32768 -32768 -32768 -32768 -32768 -32768 -32768 -32768 -32768 -32768 -32768 107 107 -32768 108 108 109 -32768 -32768 108 108 108 107 107 107 107 107 105 104 104 105 104 103 103 103 102 102 101 100 100 99 98 97 97 96 96 95 95 93 92 92 92 92 92 92 92 92 92 92 90 91 91 91 89 89 90 91 90 90 89 88 87 86 85 83 82 84 83 83 83 80
-32768 -32768 -32768 -32768 -32768 -32768 -32768 -32768 -32768 -32768 -32768 -32768 -32768 -32768 -32768 -32768 -32768 -32768 -32768 -32768 -32768 -32768 -32768 -32768 -32768 -32768 -32768 -32768 -32768 -32768 -32768 -32768 -32768 -32768 -32768 -32768 -32768 107 107 107 107 107 106 106 106 106 105 105 104 103 102 101 99 98 98 98 97 97 97 96 96 95 95 94 93 93 93 93 93 92 93 93 92 90 91 90 87 86 91 87 87 90 91 90 90 89 89 88 86 85 85 86 86 86 85 82
-32768 -32768 -32768 -32768 -32768 -32768 -32768 -32768 -32768 -32768 -32768 -32768 -32768 -32768 -32768 -32768 -32768 -32768 -32768 -32768 -32768 -32768 -32768 -32768 -32768 -32768 -32768 -32768 -32768 -32768 -32768 -32768 -32768 -32768 -32768 -32768 -32768 -32768 108 108 108 107 107 107 107 106 105 104 104 104 103 103 102 100 100 99 98 97 97 97 97 97 95 95 95 95 94 93 92 92 93 94 93 92 93 92 90 91 92 89 84 88 91 91 92 91 90 89 88 87 88 87 86 86 85 82
-32768 -32768 -32768 -32768 -32768 -32768 -32768 -32768 -32768 -32768 -32768 -32768 -32768 -32768 -32768 -32768 -32768 -32768 -32768 -32768 -32768 -32768 -32768 -32768 -32768 -32768 -32768 -32768 -32768 -32768 -32768 -32768 -32768 -32768 -32768 -32768 -32768 -32768 -32768 -32768 108 108 108 108 107 107 106 106 106 105 104 104 103 102 101 100 99 100 99 99 99 99 98 97 96 95 94 94 93 94 93 93 94 94 96 95 94 94 92 90 86 86 90 92 94 93 91 90 89 89 89 89 88 87 85 82
-32768 -32768 -32768 -32768 -32768 -32768 -32768 -32768 -32768 -32768 -32768 -32768 -32768 -32768 -32768 -32768 -32768 -32768 -32768 -32768 -32768 -32768 -32768 -32768 -32768 -32768 -32768 -32768 -32768 -32768 -32768 -32768 -32768 -32768 -32768 -32768 -32768 -32768 -32768 -32768 -32768 108 109 109 109 109 108 107 106 105 105 103 102 101 100 100 101 101 101 101 100 100 99 99 97 97 97 97 95 94 94 94 95 95 96 99 97 97 95 93 91 88 89 92 95 96 95 92 91 90 89 89 88 86 83 83
-32768 -32768 -32768 -32768 -32768 -32768 -32768 -32768 -32768 -32768 -32768 -32768 -32768 -32768 -32768 -32768 -32768 -32768 -32768 -32768 -32768 -32768 -32768 -32768 -32768 -32768 -32768 -32768 -32768 -32768 -32768 -32768 -32768 -32768 -32768 -32768 -32768 -32768 -32768 -32768 -32768 -32768 109 109 109 109 109 107 105 105 105 104 103 102 102 101 102 102 101 101 101 101 101 101 101 98 99 99 99 98 96 97 96 97 98 99 97 98 95 95 94 94 94 95 95 97 96 95 94 92 90 89 88 87 85 85
