Lab10/future/bio1.asc
NCOLS 269 
NROWS 261 
XLLCORNER -125 
YLLCORNER 32.25 
CELLSIZE 0.0416666666666667 
NODATA_value -32768 
[rows 78 to 116 of 261, columns 0 to 87 of 269]
-32768 -32768 -32768 -32768 -32768 -32768 -32768 -32768 -32768 -32768 -32768 -32768 -32768 -32768 -32768 -32768 -32768 -32768 -32768 -32768 -32768 -32768 -32768 -32768 -32768 -32768 147 148 150 144 148 143 137 143 133 127 136 158 148 129 145 153 154 156 158 140 153 130 105 104 120 131 133 139 147 162 183 188 190 189 192 194 196 197 198 199 200 201 201 201 201 201 200 200 199 198 195 191 188 182 182 167 167 157 139 145 158 143
-32768 -32768 -32768 -32768 -32768 -32768 -32768 -32768 -32768 -32768 -32768 -32768 -32768 -32768 -32768 -32768 -32768 -32768 -32768 -32768 -32768 -32768 -32768 -32768 -32768 -32768 -32768 150 146 143 143 143 142 140 143 135 127 146 155 134 145 161 165 163 163 155 157 142 131 116 131 137 134 120 126 140 169 186 191 191 192 194 195 197 198 198 199 200 200 200 200 200 199 199 198 198 196 193 191 187 189 176 171 161 154 167 148 127
-32768 -32768 -32768 -32768 -32768 -32768 -32768 -32768 -32768 -32768 -32768 -32768 -32768 -32768 -32768 -32768 -32768 -32768 -32768 -32768 -32768 -32768 -32768 -32768 -32768 -32768 -32768 154 146 141 142 138 142 137 145 142 139 146 156 143 140 160 165 164 161 143 133 147 147 125 108 123 146 153 152 132 151 174 190 191 192 192 194 195 197 198 198 199 199 199 199 199 199 198 198 197 197 196 193 192 191 182 180 174 168 156 145 151
-32768 -32768 -32768 -32768 -32768 -32768 -32768 -32768 -32768 -32768 -32768 -32768 -32768 -32768 -32768 -32768 -32768 -32768 -32768 -32768 -32768 -32768 -32768 -32768 -32768 -32768 -32768 -32768 149 145 140 138 141 132 137 148 144 136 146 154 148 151 161 160 157 148 131 115 127 145 108 98 114 142 165 157 153 167 186 187 189 192 193 194 196 197 198 198 198 198 198 198 198 197 197 196 196 196 194 194 190 188 187 179 179 170 165 166
-32768 -32768 -32768 -32768 -32768 -32768 -32768 -32768 -32768 -32768 -32768 -32768 -32768 -32768 -32768 -32768 -32768 -32768 -32768 -32768 -32768 -32768 -32768 -32768 -32768 -32768 -32768 -32768 149 146 141 137 140 130 128 145 145 138 141 155 147 157 154 156 161 160 143 130 109 134 126 103 110 128 156 165 170 176 189 190 191 189 192 194 195 196 197 197 198 198 197 197 197 197 196 196 195 196 196 195 194 194 191 187 184 175 174 158
-32768 -32768 -32768 -32768 -32768 -32768 -32768 -32768 -32768 -32768 -32768 -32768 -32768 -32768 -32768 -32768 -32768 -32768 -32768 -32768 -32768 -32768 -32768 -32768 -32768 -32768 -32768 -32768 -32768 147 146 142 139 140 134 142 146 142 140 151 141 131 138 148 157 156 143 132 110 122 133 111 113 128 135 148 164 180 188 189 187 190 192 193 195 196 196 197 197 197 197 197 197 196 196 196 196 196 197 197 197 197 192 189 181 175 169 159
-32768 -32768 -32768 -32768 -32768 -32768 -32768 -32768 -32768 -32768 -32768 -32768 -32768 -32768 -32768 -32768 -32768 -32768 -32768 -32768 -32768 -32768 -32768 -32768 -32768 -32768 -32768 -32768 -32768 144 145 146 147 143 143 139 142 146 151 151 154 139 129 145 151 162 154 133 105 100 118 133 118 119 122 143 159 182 187 187 187 190 191 192 194 195 196 196 196 196 196 196 196 196 196 196 196 197 198 198 198 196 190 187 189 183 175 174
-32768 -32768 -32768 -32768 -32768 -32768 -32768 -32768 -32768 -32768 -32768 -32768 -32768 -32768 -32768 -32768 -32768 -32768 -32768 -32768 -32768 -32768 -32768 -32768 -32768 -32768 -32768 -32768 -32768 145 145 146 147 147 145 137 138 146 149 145 145 151 140 133 131 140 151 151 123 109 127 132 124 136 134 136 154 181 186 185 186 189 191 192 193 194 195 195 195 196 196 196 196 196 196 196 197 197 198 198 199 198 193 192 191 190 190 182
-32768 -32768 -32768 -32768 -32768 -32768 -32768 -32768 -32768 -32768 -32768 -32768 -32768 -32768 -32768 -32768 -32768 -32768 -32768 -32768 -32768 -32768 -32768 -32768 -32768 -32768 -32768 -32768 -32768 144 145 144 145 148 147 138 138 141 146 141 145 151 156 150 141 113 121 136 126 105 127 145 141 126 121 123 144 175 183 185 185 188 190 192 193 194 194 195 195 195 196 196 196 196 196 197 197 198 198 199 199 199 199 197 192 187 183 183
-32768 -32768 -32768 -32768 -32768 -32768 -32768 -32768 -32768 -32768 -32768 -32768 -32768 -32768 -32768 -32768 -32768 -32768 -32768 -32768 -32768 -32768 -32768 -32768 -32768 -32768 -32768 -32768 142 141 143 144 145 145 148 149 147 139 145 150 145 149 156 153 154 140 115 132 154 142 141 150 138 126 117 145 158 165 180 184 182 184 189 191 192 193 194 194 195 195 195 195 196 196 196 197 197 198 198 199 199 200 199 198 195 189 179 171
-32768 -32768 -32768 -32768 -32768 -32768 -32768 -32768 -32768 -32768 -32768 -32768 -32768 -32768 -32768 -32768 -32768 -32768 -32768 -32768 -32768 -32768 -32768 -32768 -32768 -32768 -32768 -32768 141 141 142 144 144 146 149 152 153 149 145 152 153 149 154 152 157 138 128 146 159 163 153 154 131 117 123 121 158 172 180 183 180 181 188 190 191 193 194 194 194 195 195 195 195 196 196 197 197 198 198 199 200 200 200 198 195 193 184 183
-32768 -32768 -32768 -32768 -32768 -32768 -32768 -32768 -32768 -32768 -32768 -32768 -32768 -32768 -32768 -32768 -32768 -32768 -32768 -32768 -32768 -32768 -32768 -32768 -32768 -32768 -32768 -32768 140 139 141 143 144 143 146 146 148 145 146 151 154 146 149 152 154 154 147 151 156 160 159 148 119 102 113 145 161 169 181 181 179 179 187 190 191 193 193 194 194 194 194 195 195 196 196 197 197 198 199 199 199 200 200 199 197 195 189 187
-32768 -32768 -32768 -32768 -32768 -32768 -32768 -32768 -32768 -32768 -32768 -32768 -32768 -32768 -32768 -32768 -32768 -32768 -32768 -32768 -32768 -32768 -32768 -32768 -32768 -32768 -32768 -32768 140 139 140 142 145 147 149 148 148 144 145 145 149 144 158 158 168 165 151 145 143 153 159 156 140 120 118 151 169 173 177 180 177 180 187 189 191 192 193 193 194 194 194 194 195 196 196 197 198 198 199 199 200 200 200 200 198 196 194 188
-32768 -32768 -32768 -32768 -32768 -32768 -32768 -32768 -32768 -32768 -32768 -32768 -32768 -32768 -32768 -32768 -32768 -32768 -32768 -32768 -32768 -32768 -32768 -32768 -32768 -32768 -32768 -32768 141 139 141 144 146 147 149 151 152 150 148 147 153 145 164 161 165 173 162 147 137 140 150 157 150 134 128 143 152 153 168 179 178 179 184 190 190 192 193 193 193 193 194 194 195 195 196 197 197 198 199 199 200 200 200 200 199 197 194 191
-32768 -32768 -32768 -32768 -32768 -32768 -32768 -32768 -32768 -32768 -32768 -32768 -32768 -32768 -32768 -32768 -32768 -32768 -32768 -32768 -32768 -32768 -32768 -32768 -32768 -32768 -32768 -32768 141 139 141 143 145 148 147 150 150 149 150 146 151 160 168 169 161 171 171 154 155 150 144 146 152 140 119 136 154 163 165 175 178 173 181 188 190 192 192 193 193 193 194 194 194 195 196 196 196 197 199 199 200 200 200 200 199 195 196 194
-32768 -32768 -32768 -32768 -32768 -32768 -32768 -32768 -32768 -32768 -32768 -32768 -32768 -32768 -32768 -32768 -32768 -32768 -32768 -32768 -32768 -32768 -32768 -32768 -32768 -32768 -32768 -32768 -32768 140 141 142 143 146 148 149 150 152 151 148 147 156 167 170 164 162 161 155 149 161 152 141 143 156 151 135 148 155 156 168 175 174 180 185 190 192 192 193 193 193 193 193 194 195 195 193 189 193 198 200 200 200 200 200 199 198 197 196
-32768 -32768 -32768 -32768 -32768 -32768 -32768 -32768 -32768 -32768 -32768 -32768 -32768 -32768 -32768 -32768 -32768 -32768 -32768 -32768 -32768 -32768 -32768 -32768 -32768 -32768 -32768 -32768 -32768 141 141 142 144 146 148 149 150 150 150 145 151 154 167 171 164 148 151 158 166 164 169 156 141 141 158 160 157 162 158 168 172 176 180 182 190 192 192 192 193 193 193 193 194 195 196 194 193 196 199 200 200 201 201 200 199 198 197 195
-32768 -32768 -32768 -32768 -32768 -32768 -32768 -32768 -32768 -32768 -32768 -32768 -32768 -32768 -32768 -32768 -32768 -32768 -32768 -32768 -32768 -32768 -32768 -32768 -32768 -32768 -32768 -32768 -32768 -32768 140 139 143 146 150 149 151 151 149 145 139 149 162 171 166 147 143 152 163 167 171 163 149 138 152 149 157 160 171 168 166 177 180 184 188 191 192 192 192 193 193 193 194 195 196 197 197 198 199 200 200 201 201 200 199 198 197 195
-32768 -32768 -32768 -32768 -32768 -32768 -32768 -32768 -32768 -32768 -32768 -32768 -32768 -32768 -32768 -32768 -32768 -32768 -32768 -32768 -32768 -32768 -32768 -32768 -32768 -32768 -32768 -32768 -32768 -32768 144 141 138 141 145 150 153 147 146 144 140 153 160 171 168 150 150 155 164 167 171 172 168 153 160 164 161 163 168 169 159 175 179 183 186 190 191 192 192 193 193 194 194 195 196 197 198 198 199 200 200 201 201 200 199 198 198 197
-32768 -32768 -32768 -32768 -32768 -32768 -32768 -32768 -32768 -32768 -32768 -32768 -32768 -32768 -32768 -32768 -32768 -32768 -32768 -32768 -32768 -32768 -32768 -32768 -32768 -32768 -32768 -32768 -32768 -32768 -32768 140 139 139 138 143 152 155 152 150 146 145 153 161 170 150 143 150 162 167 170 171 172 164 158 166 168 172 171 169 162 171 177 178 178 188 189 191 192 193 193 194 195 195 196 197 197 198 199 199 200 200 200 199 199 198 198 197
-32768 -32768 -32768 -32768 -32768 -32768 -32768 -32768 -32768 -32768 -32768 -32768 -32768 -32768 -32768 -32768 -32768 -32768 -32768 -32768 -32768 -32768 -32768 -32768 -32768 -32768 -32768 -32768 -32768 -32768 -32768 143 137 138 141 138 148 150 156 155 149 147 153 158 168 167 150 148 159 165 170 170 171 171 170 169 168 168 174 171 168 170 173 177 173 186 187 188 191 192 193 194 195 196 196 197 197 198 199 199 199 199 199 199 199 199 198 198
-32768 -32768 -32768 -32768 -32768 -32768 -32768 -32768 -32768 -32768 -32768 -32768 -32768 -32768 -32768 -32768 -32768 -32768 -32768 -32768 -32768 -32768 -32768 -32768 -32768 -32768 -32768 -32768 -32768 -32768 145 145 139 137 139 141 139 148 150 155 150 142 153 158 169 173 171 159 153 161 168 168 165 151 170 171 169 169 171 174 176 172 173 177 172 184 185 185 189 191 193 194 195 196 196 197 197 197 198 198 199 199 199 199 199 198 198 198
-32768 -32768 -32768 -32768 -32768 -32768 -32768 -32768 -32768 -32768 -32768 -32768 -32768 -32768 -32768 -32768 -32768 -32768 -32768 -32768 -32768 -32768 -32768 -32768 -32768 -32768 -32768 -32768 -32768 -32768 144 144 143 140 137 139 144 143 147 148 152 145 141 144 154 166 171 162 151 158 164 165 162 160 164 167 170 170 170 163 164 171 177 179 172 179 182 184 187 190 192 194 195 196 196 197 197 197 198 198 198 198 198 198 198 198 198 198
-32768 -32768 -32768 -32768 -32768 -32768 -32768 -32768 -32768 -32768 -32768 -32768 -32768 -32768 -32768 -32768 -32768 -32768 -32768 -32768 -32768 -32768 -32768 -32768 -32768 -32768 -32768 -32768 -32768 -32768 -32768 143 141 142 136 141 146 145 145 148 148 155 154 156 157 162 170 157 150 150 153 159 153 151 154 159 165 169 169 166 162 162 168 171 177 178 186 180 185 189 192 193 195 196 196 196 196 197 197 197 198 198 198 198 198 198 198 198
-32768 -32768 -32768 -32768 -32768 -32768 -32768 -32768 -32768 -32768 -32768 -32768 -32768 -32768 -32768 -32768 -32768 -32768 -32768 -32768 -32768 -32768 -32768 -32768 -32768 -32768 -32768 -32768 -32768 -32768 -32768 -32768 144 140 143 140 143 143 149 145 144 146 154 156 160 158 166 167 152 153 152 151 149 153 150 156 164 166 167 172 169 168 168 172 170 170 186 185 182 188 191 193 194 195 196 196 196 197 197 197 197 197 198 198 198 198 198 198
-32768 -32768 -32768 -32768 -32768 -32768 -32768 -32768 -32768 -32768 -32768 -32768 -32768 -32768 -32768 -32768 -32768 -32768 -32768 -32768 -32768 -32768 -32768 -32768 -32768 -32768 -32768 -32768 -32768 -32768 -32768 -32768 -32768 143 142 144 147 145 148 149 147 144 152 158 160 161 164 175 170 166 164 159 155 144 144 149 163 171 172 171 175 174 176 174 176 172 181 189 182 186 192 193 194 195 196 196 196 196 196 196 196 197 197 197 197 197 198 198
-32768 -32768 -32768 -32768 -32768 -32768 -32768 -32768 -32768 -32768 -32768 -32768 -32768 -32768 -32768 -32768 -32768 -32768 -32768 -32768 -32768 -32768 -32768 -32768 -32768 -32768 -32768 -32768 -32768 -32768 -32768 -32768 -32768 -32768 146 147 147 146 149 149 151 147 149 151 158 165 166 173 177 169 163 155 152 151 150 161 169 172 174 176 176 179 176 171 178 178 176 188 189 185 192 194 194 194 195 195 196 196 196 196 196 196 196 197 197 197 197 197
-32768 -32768 -32768 -32768 -32768 -32768 -32768 -32768 -32768 -32768 -32768 -32768 -32768 -32768 -32768 -32768 -32768 -32768 -32768 -32768 -32768 -32768 -32768 -32768 -32768 -32768 -32768 -32768 -32768 -32768 -32768 -32768 -32768 -32768 -32768 148 147 148 148 150 147 146 152 148 150 160 163 167 175 177 176 166 161 161 153 154 166 169 171 174 175 177 180 176 180 182 176 184 190 190 192 194 194 194 194 195 195 195 195 195 195 195 196 196 196 196 197 197
-32768 -32768 -32768 -32768 -32768 -32768 -32768 -32768 -32768 -32768 -32768 -32768 -32768 -32768 -32768 -32768 -32768 -32768 -32768 -32768 -32768 -32768 -32768 -32768 -32768 -32768 -32768 -32768 -32768 -32768 -32768 -32768 -32768 -32768 -32768 -32768 -32768 148 147 148 151 150 154 152 149 157 158 164 171 175 175 177 176 169 174 165 155 163 163 167 174 176 179 181 182 184 179 175 184 189 192 194 195 195 195 195 194 194 194 194 194 195 195 195 195 196 197 196
-32768 -32768 -32768 -32768 -32768 -32768 -32768 -32768 -32768 -32768 -32768 -32768 -32768 -32768 -32768 -32768 -32768 -32768 -32768 -32768 -32768 -32768 -32768 -32768 -32768 -32768 -32768 -32768 -32768 -32768 -32768 -32768 -32768 -32768 -32768 -32768 -32768 -32768 147 146 148 149 153 154 151 150 157 163 164 171 175 176 176 174 175 173 166 162 161 166 176 179 180 179 183 185 183 174 174 180 191 193 194 195 195 194 194 193 193 193 193 194 194 194 195 195 196 196
-32768 -32768 -32768 -32768 -32768 -32768 -32768 -32768 -32768 -32768 -32768 -32768 -32768 -32768 -32768 -32768 -32768 -32768 -32768 -32768 -32768 -32768 -32768 -32768 -32768 -32768 -32768 -32768 -32768 -32768 -32768 -32768 -32768 -32768 -32768 -32768 -32768 -32768 -32768 147 147 148 148 150 152 155 156 157 161 167 172 175 172 174 172 173 173 175 173 168 167 174 179 181 179 184 186 180 175 178 189 193 195 195 194 194 193 192 192 192 192 193 193 193 194 194 195 195
-32768 -32768 -32768 -32768 -32768 -32768 -32768 -32768 -32768 -32768 -32768 -32768 -32768 -32768 -32768 -32768 -32768 -32768 -32768 -32768 -32768 -32768 -32768 -32768 -32768 -32768 -32768 -32768 -32768 -32768 -32768 -32768 -32768 -32768 -32768 -32768 -32768 -32768 -32768 150 147 146 148 147 149 155 159 158 158 163 169 172 173 172 170 169 169 170 174 177 174 171 175 176 174 175 185 185 181 178 186 193 195 195 194 193 192 191 191 191 192 192 192 192 193 193 194 195
-32768 -32768 -32768 -32768 -32768 -32768 -32768 -32768 -32768 -32768 -32768 -32768 -32768 -32768 -32768 -32768 -32768 -32768 -32768 -32768 -32768 -32768 -32768 -32768 -32768 -32768 -32768 -32768 -32768 -32768 -32768 -32768 -32768 -32768 -32768 -32768 -32768 -32768 -32768 -32768 -32768 148 147 147 150 152 158 161 164 163 168 170 171 171 170 168 168 165 165 171 179 178 177 177 177 178 182 185 185 184 187 193 195 195 194 192 191 190 190 191 191 191 191 191 192 193 193 194
-32768 -32768 -32768 -32768 -32768 -32768 -32768 -32768 -32768 -32768 -32768 -32768 -32768 -32768 -32768 -32768 -32768 -32768 -32768 -32768 -32768 -32768 -32768 -32768 -32768 -32768 -32768 -32768 -32768 -32768 -32768 -32768 -32768 -32768 -32768 -32768 -32768 -32768 -32768 -32768 -32768 -32768 -32768 148 152 152 157 159 161 162 166 168 169 169 169 169 170 167 165 166 174 180 180 178 175 174 179 181 182 177 184 191 193 193 193 191 191 190 190 190 190 190 191 191 191 192 192 193
-32768 -32768 -32768 -32768 -32768 -32768 -32768 -32768 -32768 -32768 -32768 -32768 -32768 -32768 -32768 -32768 -32768 -32768 -32768 -32768 -32768 -32768 -32768 -32768 -32768 -32768 -32768 -32768 -32768 -32768 -32768 -32768 -32768 -32768 -32768 -32768 -32768 -32768 -32768 -32768 -32768 -32768 -32768 -32768 154 155 156 155 157 160 164 166 168 168 169 169 170 170 171 168 168 175 180 181 176 172 177 179 178 174 184 188 191 192 191 191 190 190 190 190 190 190 190 191 191 191 192 192
-32768 -32768 -32768 -32768 -32768 -32768 -32768 -32768 -32768 -32768 -32768 -32768 -32768 -32768 -32768 -32768 -32768 -32768 -32768 -32768 -32768 -32768 -32768 -32768 -32768 -32768 -32768 -32768 -32768 -32768 -32768 -32768 -32768 -32768 -32768 -32768 -32768 -32768 -32768 -32768 -32768 -32768 -32768 -32768 -32768 154 153 154 155 158 161 164 166 167 168 167 168 168 172 173 168 171 177 180 180 176 175 178 181 174 181 187 189 190 190 190 190 189 189 189 189 189 190 190 190 191 191 191
-32768 -32768 -32768 -32768 -32768 -32768 -32768 -32768 -32768 -32768 -32768 -32768 -32768 -32768 -32768 -32768 -32768 -32768 -32768 -32768 -32768 -32768 -32768 -32768 -32768 -32768 -32768 -32768 -32768 -32768 -32768 -32768 -32768 -32768 -32768 -32768 -32768 -32768 -32768 -32768 -32768 -32768 -32768 -32768 -32768 -32768 155 155 158 159 161 161 164 166 168 169 168 164 166 174 171 167 173 178 180 180 178 179 182 182 180 186 188 189 189 189 189 189 189 189 189 189 190 190 190 190 190 191
-32768 -32768 -32768 -32768 -32768 -32768 -32768 -32768 -32768 -32768 -32768 -32768 -32768 -32768 -32768 -32768 -32768 -32768 -32768 -32768 -32768 -32768 -32768 -32768 -32768 -32768 -32768 -32768 -32768 -32768 -32768 -32768 -32768 -32768 -32768 -32768 -32768 -32768 -32768 -32768 -32768 -32768 -32768 -32768 -32768 -32768 156 156 157 159 161 162 163 164 166 168 169 166 162 172 176 174 173 176 178 178 178 174 180 182 182 185 185 187 187 188 188 188 188 189 189 189 189 189 189 189 190 190
-32768 -32768 -32768 -32768 -32768 -32768 -32768 -32768 -32768 -32768 -32768 -32768 -32768 -32768 -32768 -32768 -32768 -32768 -32768 -32768 -32768 -32768 -32768 -32768 -32768 -32768 -32768 -32768 -32768 -32768 -32768 -32768 -32768 -32768 -32768 -32768 -32768 -32768 -32768 -32768 -32768 -32768 -32768 -32768 -32768 -32768 -32768 -32768 156 158 160 162 163 164 165 168 169 170 170 172 176 177 175 176 177 177 177 177 180 182 184 185 185 185 186 187 187 188 188 188 189 189 189 189 189 189 189 189
