Lab10/future/bio16.asc
NCOLS 269 
NROWS 261 
XLLCORNER -125 
YLLCORNER 32.25 
CELLSIZE 0.0416666666666667 
NODATA_value -32768 
[rows 0 to 39 of 261, columns 90 to 179 of 269]
196 179 169 159 152 149 146 144 136 134 142 153 150 155 152 153 140 124 115 112 112 109 103 103 96 103 98 92 90 82 84 96 104 105 103 99 94 97 106 107 108 106 105 105 112 113 113 112 114 118 118 107 104 107 111 106 101 100 101 105 105 106 109 106 111 132 136 125 125 140 140 135 135 131 113 107 109 108 110 114 113 108 107 104 91 98 110 113 121 128
203 194 183 172 165 165 163 164 150 140 155 157 153 147 135 129 135 129 122 123 124 116 109 104 96 90 90 89 84 80 80 89 104 104 98 93 91 101 109 108 110 105 103 111 112 112 113 113 114 116 120 120 113 111 117 116 107 100 100 101 106 114 116 109 113 120 133 144 135 131 129 124 112 110 109 110 108 108 109 109 115 107 103 98 94 91 102 108 120 123
232 213 198 181 198 223 187 182 191 182 175 145 137 126 121 119 135 135 124 133 126 117 112 103 94 88 89 86 83 84 79 100 106 106 99 90 91 106 113 110 108 102 110 113 113 112 112 112 115 116 118 118 118 116 121 124 116 103 102 103 104 105 110 116 119 130 137 152 144 135 132 115 107 103 105 108 111 108 107 105 103 101 97 92 89 93 100 107 113 117
278 246 214 191 197 221 215 209 216 237 228 141 132 127 124 128 143 138 136 131 126 123 113 101 95 90 86 82 79 80 99 114 108 102 100 93 94 116 115 109 104 110 114 112 113 113 112 112 112 115 118 118 119 117 118 122 118 102 106 107 108 110 113 120 130 137 142 145 151 145 120 107 106 121 127 117 112 110 105 104 101 98 96 92 90 96 101 104 113 117
280 250 214 193 193 209 230 225 234 250 188 140 134 128 125 130 146 128 133 135 124 122 117 105 105 97 89 85 82 82 112 137 109 99 100 96 103 113 114 103 103 111 111 110 112 112 111 110 112 110 111 114 116 120 119 123 114 103 107 111 117 121 120 119 131 146 153 156 161 124 102 103 104 137 142 128 118 110 104 102 100 98 95 91 90 93 100 100 98 102
273 238 210 199 198 208 219 233 240 249 155 141 137 131 128 130 143 152 131 125 124 122 115 109 108 107 96 90 86 86 102 112 106 102 101 107 106 108 105 101 98 100 108 111 110 109 106 108 111 113 114 111 113 117 122 122 110 105 110 115 126 136 135 131 133 145 157 159 130 99 106 106 107 125 134 131 119 107 101 99 99 98 95 91 86 89 93 93 95 97
252 224 207 199 196 208 217 227 244 263 169 142 137 132 129 127 129 143 140 123 123 124 116 110 109 107 98 96 90 86 107 107 105 103 106 108 104 100 96 95 94 93 105 106 105 102 102 104 106 107 109 110 111 114 119 118 106 107 113 120 130 142 153 143 144 156 165 154 100 99 104 102 121 135 135 131 119 108 101 95 94 93 91 89 84 82 80 90 97 99
239 216 206 201 197 201 210 224 246 264 187 143 138 133 130 128 127 138 138 131 127 124 117 108 105 104 102 101 103 97 108 103 101 102 103 103 102 93 89 90 91 92 100 102 103 102 101 101 102 104 105 106 110 114 113 115 112 110 115 125 137 148 163 159 158 168 168 108 101 96 98 114 132 136 136 132 123 112 111 100 92 90 90 88 85 86 82 86 96 101
235 215 206 204 202 203 209 224 248 258 207 147 139 135 131 127 125 131 124 130 139 130 121 109 97 96 97 98 108 112 112 100 96 94 94 96 96 88 88 88 89 95 99 99 100 99 99 100 101 102 105 104 106 109 108 115 121 113 119 134 146 161 174 193 186 185 124 100 103 95 97 101 103 105 104 111 109 102 102 98 91 88 87 85 85 87 88 89 94 98
224 215 212 210 210 209 212 223 234 244 248 180 156 139 135 134 127 122 119 117 142 136 124 108 100 98 95 107 117 112 109 96 92 90 92 92 90 86 88 88 91 98 98 99 99 97 98 98 100 100 101 102 104 104 110 115 123 118 117 133 154 170 185 209 211 163 102 99 110 107 90 102 103 99 94 91 90 93 94 93 88 87 86 85 85 87 87 88 92 99
218 216 215 212 211 213 220 223 227 237 256 251 238 200 196 170 141 124 121 118 144 143 123 107 103 100 117 126 118 110 97 93 92 90 90 89 88 87 88 103 106 97 97 97 99 98 98 97 99 99 100 100 103 104 111 117 124 122 117 119 145 166 180 211 229 133 98 94 100 101 92 105 104 98 94 92 89 87 87 86 85 85 84 85 86 86 88 90 94 99
226 221 220 224 219 226 247 241 237 248 256 262 266 240 213 167 186 139 125 122 130 146 129 110 107 111 141 129 120 110 101 97 97 93 91 90 91 90 96 121 101 99 99 98 99 99 100 100 99 98 99 100 101 103 109 120 123 120 119 116 121 137 178 215 219 123 94 91 90 95 108 104 97 92 90 90 90 89 86 84 84 85 84 84 86 87 90 93 95 97
249 224 216 214 214 228 253 263 236 235 253 255 246 235 197 169 195 158 131 129 124 125 130 116 110 117 142 131 123 117 109 104 102 95 92 91 91 96 114 105 99 99 100 99 99 100 100 99 96 97 98 99 100 101 102 115 120 121 123 124 125 135 155 188 160 101 90 89 88 98 104 97 91 87 85 86 88 88 85 83 84 86 86 88 88 86 91 98 99 99
222 219 206 202 207 215 227 237 236 237 264 283 244 213 183 167 197 178 149 136 127 124 126 125 114 136 147 144 148 142 125 111 100 95 95 93 113 116 107 104 102 99 99 99 99 97 94 95 95 96 97 98 99 99 99 110 124 124 127 130 135 142 152 140 123 92 88 88 87 94 97 92 89 85 85 85 86 85 85 84 85 86 92 96 95 88 88 94 101 106
198 198 200 196 196 203 211 217 266 277 256 260 227 203 189 179 180 204 177 154 150 134 126 123 146 174 160 148 148 149 131 117 102 97 96 131 170 126 115 111 105 102 99 99 98 96 94 95 96 97 97 97 97 98 99 101 122 132 132 135 149 165 143 99 102 89 86 86 84 98 95 87 85 84 84 84 89 87 85 85 85 89 93 107 107 92 89 95 102 111
196 204 196 192 193 195 202 224 260 276 241 222 212 199 188 183 179 196 195 165 153 147 141 128 168 178 162 145 134 133 125 112 103 99 99 145 171 147 135 118 108 103 100 98 98 97 97 97 98 98 98 97 96 96 96 97 99 121 133 144 153 165 109 92 92 87 87 86 88 89 86 85 83 82 82 84 88 89 85 85 86 95 96 103 106 92 92 100 113 118
197 195 194 190 189 189 196 203 213 215 220 219 231 210 190 185 193 197 212 180 162 163 161 139 174 182 162 146 139 132 125 115 105 102 112 175 155 153 129 116 111 106 101 98 100 103 105 102 99 99 100 100 98 96 96 96 96 106 113 115 131 119 98 89 88 86 87 87 90 87 85 83 83 83 83 85 90 94 88 92 92 94 99 99 105 96 106 113 118 121
197 211 217 204 191 186 189 195 200 202 204 212 230 218 200 196 204 222 217 194 181 179 159 161 205 187 171 159 147 137 131 123 108 104 143 181 130 126 123 117 113 111 102 103 107 131 131 108 104 104 103 100 100 95 94 95 95 105 107 104 113 115 95 87 87 87 91 95 93 89 86 84 82 86 87 89 92 95 98 105 108 95 100 103 107 108 113 119 120 122
214 204 204 208 195 187 189 194 199 206 206 208 221 241 222 205 204 213 205 195 179 176 163 168 194 197 194 168 152 143 139 134 114 108 119 134 129 125 123 120 117 110 103 108 109 124 138 124 106 101 102 99 99 97 94 94 97 109 106 110 124 110 89 87 87 89 96 102 97 90 87 86 85 88 93 105 108 110 108 107 132 110 106 103 114 124 120 121 122 125
212 193 195 201 198 197 196 199 212 214 210 207 212 230 234 217 202 203 193 183 175 172 170 179 192 205 214 185 160 151 148 150 134 112 107 118 129 127 124 122 119 110 106 112 113 124 128 114 105 102 104 99 98 95 94 94 111 124 114 116 110 98 88 88 87 90 92 103 103 95 96 88 90 93 102 118 133 138 117 114 128 133 114 107 118 135 143 129 126 128
189 186 190 193 209 211 202 204 214 213 220 206 197 213 232 219 197 190 188 181 179 178 181 195 202 190 186 173 159 153 154 160 152 113 109 112 123 133 126 123 120 111 104 107 109 120 111 107 103 100 100 99 98 97 95 95 113 119 117 113 99 93 88 88 89 90 91 97 111 98 97 91 99 99 111 130 149 156 114 103 107 122 116 106 114 134 147 134 131 131
193 183 185 185 199 205 205 205 205 208 218 203 193 196 223 214 204 191 188 184 184 186 192 187 183 182 171 167 161 154 156 163 151 115 114 115 123 134 131 127 116 108 108 106 111 122 116 108 104 100 100 100 103 100 97 104 106 107 104 118 100 96 89 88 90 92 95 98 104 96 94 96 99 103 110 129 143 155 118 106 102 101 103 102 112 131 147 138 136 136
176 179 180 181 185 193 198 200 200 206 211 198 195 191 193 198 194 188 188 186 185 185 190 195 194 186 178 170 164 158 153 156 127 118 118 121 124 134 137 129 122 109 108 109 113 116 117 111 108 103 101 104 106 102 107 104 103 101 97 120 116 105 94 89 89 90 98 100 99 103 107 113 112 116 126 141 148 162 144 133 108 100 97 100 116 134 138 145 141 140
156 163 176 180 182 190 192 197 199 202 209 194 201 194 191 195 193 188 188 186 187 185 192 203 198 187 183 176 171 164 162 149 127 122 118 119 135 139 136 129 120 110 110 113 118 118 116 117 119 118 111 108 104 116 119 107 102 97 97 111 142 113 109 92 89 89 92 99 113 125 126 148 130 128 135 144 157 167 166 173 129 103 96 97 108 133 128 152 148 146
150 156 172 175 178 189 192 195 203 204 201 202 207 200 203 203 195 188 188 187 189 187 191 198 203 190 179 178 174 167 164 138 132 128 124 121 134 136 137 128 118 111 111 122 123 118 118 118 121 128 133 114 106 114 119 117 101 95 96 103 143 144 160 102 90 90 94 105 126 141 141 166 152 139 143 140 147 152 160 168 136 104 97 97 102 113 119 151 155 152
147 152 165 169 172 177 187 191 198 200 201 204 201 206 207 209 196 188 188 190 190 189 191 201 228 196 187 185 178 170 158 149 143 137 127 125 150 148 135 127 119 113 118 129 127 121 117 118 120 119 119 118 127 117 97 95 91 95 96 98 123 137 128 96 90 91 95 105 125 140 154 173 170 145 135 124 118 119 122 127 137 120 97 96 102 106 113 132 153 154
146 150 155 162 169 175 177 185 195 197 196 195 202 205 192 196 193 188 189 189 191 191 192 198 213 214 205 199 179 171 163 157 157 148 131 130 162 148 136 131 120 114 126 132 126 123 120 119 114 110 108 108 118 111 97 93 89 94 90 94 114 117 113 92 92 93 102 112 117 124 157 177 185 140 122 116 112 113 119 114 115 114 102 97 99 103 107 118 141 141
158 155 155 159 164 169 173 180 186 187 190 195 201 204 201 196 202 198 188 189 191 192 194 199 207 227 221 200 180 172 167 161 161 164 140 132 155 147 137 138 123 116 129 136 133 132 129 123 117 109 108 113 109 104 100 91 92 88 88 93 108 107 93 92 94 99 110 138 127 137 134 151 175 141 122 119 118 120 123 124 112 108 99 99 99 101 105 112 123 128
150 156 160 159 161 166 169 174 178 180 187 192 197 198 198 198 199 192 187 189 191 192 197 203 224 203 217 188 181 175 171 166 162 174 151 141 148 144 141 135 126 120 130 129 131 136 135 121 110 105 112 117 115 104 96 86 85 87 88 90 98 92 97 94 102 102 112 139 132 128 117 122 123 131 128 127 133 129 124 117 113 109 103 101 99 101 106 116 127 132
149 151 154 157 161 164 165 170 176 178 184 186 188 189 191 193 195 188 186 188 190 193 197 210 214 194 196 192 184 177 172 169 167 173 156 151 152 142 148 137 131 127 127 129 140 140 136 118 110 109 106 100 100 95 88 84 85 86 88 89 91 96 97 98 104 109 130 152 157 122 107 103 108 128 137 136 135 133 120 115 118 118 115 102 100 103 109 127 147 145
157 152 155 158 161 164 166 171 176 180 182 181 182 183 185 188 191 187 185 186 189 194 197 197 212 197 204 199 188 178 174 173 171 165 155 155 155 139 154 147 138 130 126 131 149 150 135 124 120 118 115 108 94 84 92 104 97 87 89 89 90 103 102 102 102 108 130 145 150 137 111 102 102 114 130 143 142 146 123 118 122 124 123 101 102 105 113 132 149 165
162 156 157 159 162 165 167 171 175 183 178 176 180 181 183 185 188 185 182 183 187 193 202 197 195 197 199 195 188 178 174 173 174 166 155 154 150 140 156 150 139 129 126 126 128 132 128 126 122 117 116 101 92 90 92 115 113 89 88 89 92 116 143 118 100 103 115 137 136 136 113 103 103 105 140 150 147 137 123 118 119 114 110 102 103 107 117 138 167 172
156 156 161 161 163 165 170 172 176 175 174 176 180 179 180 181 186 182 178 180 184 192 201 200 199 193 193 189 185 178 176 173 171 161 154 151 146 148 156 145 137 134 130 131 130 128 131 128 124 127 113 103 115 101 101 116 95 88 91 94 96 119 125 114 100 100 106 118 126 128 115 105 103 103 118 147 136 134 118 117 113 103 102 103 106 111 122 136 162 165
157 159 163 164 166 167 172 174 173 173 174 177 182 178 177 178 182 178 175 177 181 188 202 221 201 187 186 183 182 179 177 173 170 158 154 150 152 157 149 141 134 137 130 131 129 127 134 135 129 117 110 119 124 115 122 102 88 90 98 105 115 142 148 121 99 98 103 110 119 123 122 107 104 103 106 132 127 117 112 110 104 101 101 104 111 120 134 154 177 158
163 164 165 168 170 172 175 175 175 173 174 174 176 173 173 174 176 177 177 175 177 186 210 225 190 180 180 178 180 177 175 176 168 158 154 154 160 152 142 135 135 142 135 129 126 128 125 127 129 127 128 125 125 114 119 94 90 95 118 137 169 167 123 108 97 97 101 108 115 117 121 111 103 103 103 113 116 112 108 103 101 101 103 108 121 138 158 185 186 166
168 168 168 171 175 177 177 176 176 174 172 172 174 173 170 171 171 172 177 174 174 191 206 208 185 176 174 174 177 173 172 176 172 158 153 151 151 146 139 134 134 137 134 129 130 141 134 125 125 121 122 119 134 125 112 100 94 100 132 155 183 138 124 105 97 97 99 101 103 109 114 109 103 102 101 108 128 132 108 101 101 101 104 112 129 143 156 174 164 170
173 173 174 176 178 179 181 179 177 174 174 172 174 169 166 166 167 168 171 171 171 184 201 224 194 175 170 169 171 168 169 171 170 157 153 148 146 143 138 135 134 135 139 136 124 136 136 131 129 120 114 121 129 122 116 120 106 101 115 146 128 115 131 107 96 96 96 98 100 103 112 110 104 103 101 101 118 124 106 101 101 102 104 113 138 159 176 147 134 137
179 178 179 179 180 180 182 179 178 175 172 171 173 171 168 167 162 159 164 160 171 182 195 204 195 175 165 162 161 160 164 179 176 159 151 147 144 143 144 141 137 136 143 135 124 119 121 122 132 128 121 115 116 120 133 141 116 106 110 122 104 105 123 118 99 96 96 97 97 100 109 109 101 100 100 100 115 119 108 101 101 102 104 113 142 173 163 136 127 124
186 185 185 183 183 182 182 181 177 176 172 168 169 169 165 159 147 149 149 153 165 186 205 208 185 169 161 159 157 155 158 179 178 157 150 146 144 141 153 154 148 138 134 124 120 115 116 121 125 127 124 122 115 127 147 150 121 110 102 98 99 103 116 108 97 96 96 100 98 98 103 103 99 99 99 100 114 114 104 100 101 102 103 111 128 160 172 131 122 119
193 191 190 188 186 184 185 181 177 174 170 165 162 155 151 144 141 142 145 153 161 185 197 199 191 171 158 156 154 152 154 168 173 156 149 145 142 140 150 149 142 136 127 121 116 117 117 126 121 120 114 107 111 144 180 166 129 101 95 92 95 96 100 98 95 95 98 111 100 98 98 98 99 99 99 99 105 103 100 100 100 101 103 113 142 179 159 129 118 114
