Lab10/future/bio16.asc
NCOLS 269 
NROWS 261 
XLLCORNER -125 
YLLCORNER 32.25 
CELLSIZE 0.0416666666666667 
NODATA_value -32768 
[rows 160 to 199 of 261, columns 90 to 179 of 269]
275 322 247 246 230 282 270 311 358 357 389 340 292 286 292 314 253 209 180 148 123 118 115 114 113 113 115 117 119 122 124 128 131 135 139 142 146 150 154 158 161 164 168 172 176 181 186 192 200 210 243 232 285 293 370 368 348 380 397 382 408 422 430 417 442 436 409 366 356 409 395 361 372 357 341 256 165 115 106 99 94 90 93 147 166 120 106 99 87 65
227 220 214 219 221 247 260 266 312 357 335 388 422 472 453 377 276 220 197 160 131 122 117 113 112 113 113 116 117 120 122 125 129 132 135 139 142 146 150 153 155 158 162 166 170 175 180 186 194 205 212 219 230 250 315 336 363 375 422 439 459 447 438 454 457 446 428 380 353 369 367 353 344 338 345 286 189 118 108 101 96 93 97 120 154 117 100 92 83 67
190 200 219 233 243 256 256 255 361 387 386 352 417 486 527 525 426 388 293 224 184 138 122 115 112 112 113 114 116 118 121 123 125 129 131 135 138 141 145 148 151 153 156 160 164 169 174 180 187 197 203 211 222 272 353 351 382 380 381 400 433 452 439 440 421 416 444 390 343 358 354 345 330 322 337 307 223 121 110 102 99 102 104 103 107 107 106 100 81 64
191 184 199 218 231 239 229 221 252 355 436 433 388 418 475 472 461 418 396 399 313 202 140 119 113 112 112 113 116 118 120 122 123 125 129 132 135 138 141 143 146 148 151 155 159 162 167 173 181 188 196 216 232 265 319 353 377 419 422 452 457 454 449 442 416 394 403 400 347 382 385 386 338 322 320 320 202 121 112 107 113 139 140 116 106 116 114 109 81 68
213 189 184 195 196 202 200 198 238 252 311 377 393 397 331 305 310 291 300 327 266 220 156 127 115 114 114 114 116 117 119 120 121 122 124 128 130 133 136 138 141 143 146 150 153 157 161 167 174 180 187 207 232 255 252 298 345 419 379 363 407 454 446 440 417 383 389 393 341 365 363 363 361 330 344 350 215 126 114 115 130 175 189 154 130 125 123 101 83 81
268 201 183 182 188 201 218 239 207 233 303 316 374 366 384 331 274 229 202 195 178 167 153 130 118 116 115 115 115 116 117 118 119 120 122 124 127 129 131 134 136 139 142 145 149 152 156 161 166 172 178 185 215 235 287 313 328 356 329 340 393 438 408 432 414 378 367 360 347 313 326 345 344 316 324 334 216 142 117 120 136 181 208 186 190 154 124 99 85 97
272 243 187 175 170 181 200 215 226 219 239 309 359 333 356 382 384 343 262 182 148 142 139 136 121 118 117 115 114 114 115 116 117 118 120 121 123 125 127 128 130 134 137 140 143 147 151 155 160 166 172 180 188 205 233 271 306 331 302 328 370 370 393 435 425 400 366 343 334 311 364 364 346 319 307 315 290 176 122 115 127 146 189 196 210 182 139 116 92 103
271 227 201 178 165 165 177 192 207 210 240 250 310 389 355 284 325 332 283 202 155 136 131 127 126 121 118 115 113 113 113 114 115 116 117 119 120 122 123 125 126 130 132 136 139 143 147 152 156 162 167 174 181 187 202 230 256 282 283 303 344 380 373 388 407 392 348 323 307 321 362 359 347 335 323 308 293 186 125 119 149 149 164 166 182 175 146 129 102 115
346 253 219 197 169 154 158 170 186 190 234 242 252 308 370 348 259 253 248 199 171 162 140 132 128 130 126 117 112 111 112 113 113 114 115 117 118 119 120 121 123 125 128 131 135 138 143 147 152 158 163 168 173 187 219 210 211 221 244 327 406 429 416 424 424 405 364 338 347 330 340 355 343 342 318 288 316 212 124 120 150 139 133 134 131 145 151 139 127 136
290 274 278 261 193 167 160 147 167 201 207 221 254 289 303 373 378 276 219 223 190 165 178 166 140 145 156 140 122 115 111 111 112 113 113 115 117 117 118 119 120 123 125 128 131 135 139 144 148 154 159 164 169 174 189 204 217 223 276 316 324 370 376 421 436 381 330 343 396 382 352 363 333 316 283 299 318 216 125 107 107 119 123 104 100 127 140 149 151 141
242 230 244 302 273 237 194 156 152 178 216 242 263 304 276 306 359 405 366 269 244 217 197 174 165 147 152 165 159 134 117 111 112 113 113 114 115 116 117 117 118 121 123 125 128 131 135 139 144 148 154 159 165 170 182 190 218 227 257 278 332 334 381 435 397 344 315 361 415 398 378 367 339 307 266 265 284 266 146 108 100 102 111 94 92 108 126 133 149 142
210 205 206 213 243 288 258 218 152 166 194 222 255 290 250 279 327 348 344 388 386 369 302 250 197 171 155 144 152 156 132 116 112 112 113 113 114 116 116 117 118 118 121 123 125 128 131 135 139 144 149 154 159 165 173 189 194 229 289 320 381 415 428 421 378 335 306 336 374 410 366 330 296 269 261 268 267 282 197 111 101 110 123 86 75 84 104 115 146 152
235 207 180 184 189 247 278 233 215 163 197 226 252 247 280 309 338 313 298 289 360 426 433 356 295 249 198 152 137 145 136 123 116 115 114 113 113 114 115 116 117 118 118 120 122 124 127 130 134 139 145 150 156 162 169 192 219 224 234 294 318 356 405 412 398 349 301 357 381 418 400 362 317 277 262 306 300 289 238 150 103 114 110 76 68 68 70 80 128 150
208 216 214 183 171 177 206 199 182 178 189 206 229 233 273 285 304 346 299 256 274 310 352 363 273 233 197 172 144 136 142 131 120 118 117 115 113 113 114 115 115 116 117 118 119 120 123 126 130 135 141 147 153 159 166 177 193 216 252 266 281 311 336 393 419 353 280 318 390 388 391 347 331 274 280 306 303 265 230 149 97 90 83 74 67 65 66 71 108 134
262 201 206 241 207 182 177 217 208 173 171 180 210 223 241 255 285 305 335 286 241 242 250 285 302 238 180 163 154 138 135 131 124 120 117 117 114 113 114 114 114 115 115 116 116 118 120 123 127 131 137 142 148 155 161 169 186 206 235 285 284 302 347 395 423 394 308 256 354 403 379 348 301 270 262 295 280 250 205 144 96 82 76 70 67 64 61 63 80 91
319 303 262 187 228 220 197 190 217 190 190 193 200 227 249 255 262 280 309 323 271 227 241 262 303 282 238 165 154 149 137 137 128 121 119 117 117 115 114 114 115 114 114 114 115 116 117 120 123 128 133 139 145 152 160 164 183 200 227 255 292 322 366 405 409 362 278 269 327 383 365 344 312 237 266 234 226 250 201 166 98 77 71 66 63 60 58 58 66 73
227 293 314 250 207 194 222 214 217 206 188 201 202 217 249 253 265 277 299 306 312 273 224 233 270 288 243 194 160 152 143 141 134 126 122 119 117 116 114 114 113 112 112 112 113 114 115 116 120 124 130 136 143 150 157 168 189 218 272 325 302 311 360 408 391 353 306 230 262 318 321 337 285 199 218 181 196 246 186 139 94 74 68 64 61 58 56 56 57 67
224 184 274 276 210 210 189 194 214 248 241 236 232 216 222 232 247 265 282 288 297 297 254 238 282 272 291 245 187 163 146 141 136 132 127 121 118 117 115 113 113 112 111 111 112 113 114 115 117 121 127 135 144 152 157 160 186 215 245 302 293 298 320 334 381 345 277 224 219 253 222 257 226 165 150 148 166 231 229 139 96 73 66 62 58 56 53 52 53 58
61 120 194 358 351 265 241 223 261 297 281 275 247 234 236 236 242 251 265 274 275 260 267 291 300 309 226 194 175 164 156 152 145 138 133 126 120 117 115 113 112 111 111 111 112 112 113 114 115 120 126 134 145 155 160 164 181 216 259 297 277 289 314 378 368 312 236 201 200 193 179 165 160 154 195 250 194 211 222 154 105 72 65 62 57 54 51 53 52 51
36 49 92 165 261 316 313 260 272 314 332 333 301 262 259 264 272 275 263 261 254 263 287 307 324 326 277 217 198 174 167 164 156 147 138 132 125 119 115 113 112 111 111 110 112 113 113 114 116 118 125 135 145 157 165 168 180 217 254 282 267 307 337 377 346 278 206 210 185 178 179 160 176 192 251 281 254 218 168 168 105 73 66 62 58 54 51 54 51 49
-32768 -32768 66 88 130 218 320 351 330 322 324 336 309 286 289 292 301 308 311 293 287 267 275 319 330 325 309 285 238 205 188 177 164 153 143 136 129 121 115 113 111 111 109 109 110 112 112 112 113 116 122 131 140 153 167 172 180 207 247 269 241 280 330 336 278 211 196 231 229 229 250 184 159 210 270 270 234 191 162 118 92 76 67 63 60 56 53 56 60 56
-32768 -32768 -32768 91 109 141 203 273 348 336 330 317 315 311 327 325 323 317 328 320 308 297 286 274 289 313 314 289 261 239 215 188 172 163 153 142 133 123 116 112 111 109 109 108 108 110 110 110 112 114 117 121 128 139 150 156 167 191 237 257 251 302 276 226 236 222 252 270 245 295 290 192 165 181 224 227 180 135 115 101 87 78 72 67 65 66 67 70 69 65
-32768 -32768 -32768 -32768 131 140 173 219 290 333 350 357 355 341 358 370 359 339 331 331 317 317 299 299 273 288 307 321 305 311 299 225 191 174 162 149 136 126 118 112 111 109 106 106 106 106 106 106 108 109 111 118 130 135 138 143 148 163 200 240 272 240 255 249 316 229 265 334 328 332 337 256 188 182 229 184 150 116 103 93 85 97 89 82 71 78 75 69 58 53
-32768 -32768 -32768 -32768 -32768 154 159 203 231 273 352 386 394 385 379 394 385 364 357 359 341 331 305 312 293 288 313 335 336 343 358 327 234 192 174 155 141 130 120 113 110 107 105 104 103 103 103 103 104 105 106 111 122 136 144 142 151 162 189 212 212 240 328 357 327 245 294 355 399 383 309 277 218 200 225 178 137 114 102 93 98 133 99 87 85 98 78 72 74 63
-32768 -32768 -32768 -32768 -32768 -32768 -32768 191 218 266 325 383 414 420 419 410 404 390 373 380 377 349 333 325 312 308 320 328 332 338 360 389 322 246 202 171 152 137 124 115 109 105 104 101 101 101 101 102 102 102 103 105 109 115 119 123 128 133 149 196 228 230 271 348 296 223 228 274 374 364 334 294 203 226 217 178 136 114 103 95 99 112 119 76 76 76 71 72 90 95
-32768 -32768 -32768 -32768 -32768 -32768 -32768 -32768 -32768 266 308 373 429 434 449 442 420 405 398 390 398 422 374 351 331 318 305 330 323 326 338 368 393 355 268 198 165 144 130 121 112 106 102 101 99 100 100 101 101 101 103 103 105 107 116 128 131 140 150 167 188 207 227 241 232 208 214 225 245 273 321 282 175 186 191 159 130 105 90 87 91 82 65 59 59 64 74 75 82 74
-32768 -32768 -32768 -32768 -32768 -32768 -32768 -32768 -32768 259 294 335 400 443 449 443 432 407 397 385 375 387 405 389 374 332 309 344 325 315 314 323 353 403 351 266 211 169 147 133 124 114 106 102 99 100 101 101 101 102 103 104 106 108 111 114 121 131 144 159 171 191 197 205 205 212 230 189 175 177 224 225 163 169 169 129 113 96 80 75 65 62 60 60 66 95 98 96 84 57
-32768 -32768 -32768 -32768 -32768 -32768 -32768 -32768 248 285 294 332 385 421 441 442 433 414 399 382 367 360 369 428 445 365 321 330 350 326 308 303 303 333 408 379 284 226 183 158 156 154 139 116 105 101 101 101 102 103 105 107 107 109 111 114 119 126 135 139 152 157 177 173 172 177 179 164 158 159 180 219 168 150 129 107 103 84 75 68 65 63 64 76 100 100 84 73 64 54
-32768 -32768 -32768 -32768 -32768 -32768 -32768 -32768 274 352 385 402 393 386 413 436 436 419 414 421 400 400 373 360 435 417 361 327 342 339 334 309 297 302 335 396 396 301 232 196 170 169 165 151 132 114 103 102 103 104 107 108 110 111 114 116 120 125 129 133 147 169 166 168 180 210 198 172 165 176 179 202 187 143 142 135 107 79 73 68 68 73 77 87 85 76 70 66 64 57
-32768 -32768 -32768 -32768 -32768 -32768 -32768 -32768 324 352 400 423 414 384 386 397 410 419 381 375 383 355 380 402 372 376 427 368 335 335 340 334 304 295 294 313 362 340 271 219 180 156 138 120 113 107 104 104 106 107 109 111 113 115 116 119 122 126 128 130 143 187 245 197 175 181 191 234 225 205 210 234 229 179 140 117 87 78 73 70 70 72 73 73 69 64 63 62 64 64
-32768 -32768 -32768 -32768 -32768 -32768 -32768 -32768 -32768 350 355 375 364 372 384 373 367 370 362 345 349 334 344 368 391 348 360 410 387 361 368 366 334 305 293 291 309 343 338 266 205 172 149 123 113 108 107 108 110 112 113 115 117 119 120 123 125 127 128 140 179 221 281 273 194 183 194 242 229 195 195 215 240 191 133 101 84 78 74 69 67 67 67 66 64 62 61 60 59 60
-32768 -32768 -32768 -32768 -32768 -32768 -32768 -32768 -32768 -32768 -32768 -32768 -32768 374 346 343 341 331 356 352 346 324 346 360 365 333 335 354 397 389 376 388 391 343 316 301 294 303 327 344 286 215 168 139 131 117 112 114 115 117 119 120 122 123 125 127 130 133 138 174 209 226 220 209 224 210 172 177 184 180 175 245 209 143 105 92 84 78 74 69 66 66 64 62 61 60 60 60 58 55
-32768 -32768 -32768 -32768 -32768 -32768 -32768 -32768 -32768 -32768 -32768 -32768 -32768 -32768 285 287 306 346 357 361 334 318 331 354 338 369 351 329 330 343 350 368 384 424 400 341 319 304 299 323 340 301 237 175 125 120 121 122 124 127 127 128 128 130 133 135 137 141 151 170 193 198 200 189 196 203 206 182 172 173 172 177 136 114 101 92 84 78 74 69 66 65 62 60 60 60 63 61 58 54
-32768 -32768 -32768 -32768 -32768 -32768 -32768 -32768 -32768 -32768 -32768 -32768 -32768 -32768 268 276 298 305 309 346 349 322 310 330 361 356 371 408 400 351 316 324 333 377 411 428 365 341 321 313 325 330 308 210 148 136 138 139 139 142 142 142 140 141 146 148 149 150 155 168 178 186 194 264 307 316 354 287 214 186 168 144 123 108 98 91 83 79 75 71 66 64 61 60 58 58 59 59 57 54
-32768 -32768 -32768 -32768 -32768 -32768 -32768 -32768 -32768 -32768 -32768 -32768 -32768 -32768 260 263 271 278 278 287 321 324 298 314 325 320 349 390 433 462 386 344 333 326 342 403 412 384 372 356 344 341 309 245 214 185 174 176 170 177 170 172 175 186 172 166 164 161 162 172 186 195 197 205 247 285 389 301 243 177 144 132 119 107 97 91 83 80 76 71 67 64 61 61 59 58 58 57 56 52
-32768 -32768 -32768 -32768 -32768 -32768 -32768 -32768 -32768 -32768 -32768 -32768 -32768 -32768 253 254 254 255 256 258 268 301 316 388 382 364 372 384 405 450 493 414 378 364 350 340 346 340 343 373 371 363 349 332 307 272 246 237 239 247 256 248 256 228 200 190 183 176 179 200 210 207 213 283 270 243 234 241 196 160 141 131 119 113 99 91 84 80 75 72 67 64 63 62 61 61 60 59 57 55
-32768 -32768 -32768 -32768 -32768 -32768 -32768 -32768 -32768 -32768 -32768 -32768 -32768 -32768 271 266 247 247 248 250 254 263 292 337 358 398 368 367 396 430 450 491 463 427 404 381 365 354 350 347 345 345 358 364 365 334 313 314 308 294 295 283 275 259 236 222 212 204 211 210 211 259 281 296 233 184 177 172 164 154 141 130 121 110 100 93 87 82 77 72 68 66 65 64 65 71 67 65 64 61
-32768 -32768 -32768 -32768 -32768 -32768 -32768 -32768 -32768 -32768 -32768 -32768 -32768 -32768 284 331 302 249 242 249 263 264 262 308 335 380 349 367 395 423 410 447 486 500 485 438 403 387 380 373 366 362 371 374 384 371 352 371 411 362 324 322 311 272 257 249 233 222 219 209 210 228 225 194 188 185 183 178 168 156 144 133 122 112 103 95 91 84 79 75 71 69 68 67 69 72 75 70 67 68
-32768 -32768 -32768 -32768 -32768 -32768 -32768 -32768 -32768 -32768 -32768 -32768 -32768 -32768 -32768 247 269 258 272 263 289 296 281 279 286 306 338 363 353 371 414 387 420 448 472 471 439 423 413 406 395 384 377 387 380 379 381 375 443 465 397 410 403 383 393 305 234 220 212 232 202 207 207 204 203 201 195 186 174 161 149 137 126 116 107 99 92 86 82 79 76 74 73 72 73 75 79 76 70 66
-32768 -32768 -32768 -32768 -32768 -32768 -32768 -32768 -32768 -32768 -32768 -32768 -32768 -32768 -32768 226 239 267 276 272 300 309 308 312 305 323 347 394 417 393 383 431 423 420 426 463 475 466 444 442 416 409 390 383 378 377 370 383 460 533 556 511 402 354 389 341 241 224 217 209 221 225 223 221 219 213 206 195 182 169 156 144 132 121 112 103 96 91 87 84 82 81 80 81 81 81 84 85 80 70
