Lab10/future/bio16.asc
NCOLS 269 
NROWS 261 
XLLCORNER -125 
YLLCORNER 32.25 
CELLSIZE 0.0416666666666667 
NODATA_value -32768 
[rows 120 to 159 of 261, columns 90 to 179 of 269]
271 266 262 260 259 262 261 261 265 286 345 363 492 458 408 429 477 508 541 558 531 582 616 624 680 706 718 705 679 654 625 602 578 552 534 515 500 505 489 466 460 457 439 435 438 416 394 323 281 248 231 206 171 156 146 139 133 129 126 125 135 140 130 97 87 85 78 74 69 70 67 66 75 76 70 62 57 54 54 55 59 73 81 77 73 74 67 60 60 60
261 259 254 251 249 249 248 251 254 274 338 372 388 451 449 444 439 479 495 485 546 598 657 702 694 710 714 712 689 665 633 607 585 559 536 513 494 489 466 451 444 446 438 431 425 433 399 399 336 258 200 186 171 161 153 146 139 134 135 131 133 128 115 103 100 95 88 82 77 80 72 69 77 89 79 66 55 53 55 56 57 65 68 68 66 64 60 60 61 68
251 248 244 242 239 238 239 242 248 254 278 352 368 381 441 487 429 432 436 510 549 620 607 637 676 677 687 712 688 676 647 619 599 567 543 518 497 479 466 446 460 417 431 434 394 388 442 374 329 278 207 193 181 172 162 155 148 145 150 139 132 125 123 120 121 117 103 101 92 84 74 70 71 75 69 62 56 54 56 56 57 60 62 62 61 60 59 61 68 85
240 238 236 234 230 229 229 229 234 238 253 300 358 348 367 384 410 390 428 478 505 539 574 615 606 627 683 713 665 665 661 637 614 584 557 525 504 481 459 449 423 441 444 400 383 418 437 410 404 365 247 205 193 183 173 164 158 169 172 144 133 124 119 113 115 119 119 110 101 92 91 79 71 68 70 74 65 59 58 62 69 63 61 59 59 59 61 65 71 75
230 229 227 224 221 219 217 216 218 225 235 259 318 353 327 333 364 376 402 436 452 485 535 571 559 627 656 681 644 638 637 633 588 593 543 528 505 488 472 449 428 409 390 404 379 405 436 401 372 303 262 223 206 195 185 178 175 180 171 159 136 127 120 115 115 113 103 95 87 84 112 97 77 69 65 64 65 62 58 61 71 67 63 61 61 62 65 71 77 83
221 220 219 217 214 212 211 209 210 216 227 242 276 327 329 311 338 374 406 398 432 470 463 493 491 554 558 646 611 595 562 565 581 558 571 552 525 505 485 475 464 462 426 390 381 383 383 382 434 377 266 236 221 221 203 194 193 188 170 157 145 134 127 120 116 103 96 92 98 125 155 114 84 69 61 60 67 65 60 58 66 76 70 65 64 64 65 68 71 77
210 210 209 207 206 206 206 206 208 215 223 232 242 263 284 319 344 351 388 385 383 394 467 550 581 589 583 528 524 553 593 592 597 577 584 560 535 515 498 478 460 469 437 416 419 400 374 408 417 384 279 250 237 235 222 211 207 207 187 167 155 147 137 128 121 106 99 97 155 244 186 121 85 70 62 59 59 59 58 60 67 82 83 75 71 66 62 62 61 63
199 201 202 202 202 202 203 203 206 212 220 228 235 244 258 293 330 345 366 372 366 432 446 530 612 633 608 613 599 601 610 603 596 589 596 576 548 525 509 482 469 451 427 438 426 433 427 390 448 442 337 268 252 241 230 220 221 219 211 205 181 165 158 139 123 110 102 99 162 298 208 137 103 69 62 59 58 58 59 67 71 76 87 88 86 71 62 58 58 58
189 192 195 196 197 198 198 201 203 207 215 222 229 243 253 259 273 303 337 353 345 360 475 482 539 611 625 608 582 592 620 638 630 623 607 582 559 534 514 496 478 458 441 426 419 432 468 435 422 395 324 279 279 254 238 222 216 205 209 213 213 222 186 147 131 117 110 99 120 287 303 183 116 78 62 59 58 59 64 79 84 88 91 90 81 75 61 57 58 59
183 186 189 191 193 195 196 199 202 207 213 219 223 229 236 241 248 261 293 331 323 350 413 483 471 511 597 603 581 567 591 596 597 618 616 595 575 556 536 522 503 471 447 434 411 427 449 483 424 373 344 351 298 263 244 231 217 204 192 182 174 192 193 153 142 123 111 92 90 143 275 228 160 91 66 60 58 64 74 84 94 94 99 87 72 64 57 57 58 62
178 181 184 187 189 192 194 196 199 204 208 213 217 223 230 239 245 253 263 292 329 334 366 385 371 470 581 566 553 529 570 568 550 566 539 544 572 568 539 519 502 480 457 464 443 409 430 437 404 412 355 318 300 269 255 240 228 213 201 189 179 171 169 156 149 130 113 93 83 99 187 281 179 114 82 62 58 61 73 91 102 89 86 76 67 60 57 57 61 64
174 178 181 184 186 189 191 193 196 199 205 209 214 218 223 230 235 242 249 274 290 327 353 350 431 414 473 528 476 526 564 512 513 493 576 602 608 584 551 531 507 486 467 461 476 441 429 403 361 390 359 314 303 298 264 250 236 223 210 197 186 177 168 157 146 135 116 97 83 90 159 318 269 137 93 67 59 59 64 77 82 85 79 71 62 59 57 59 63 66
173 175 179 181 183 185 187 189 192 196 201 206 210 216 220 226 231 239 247 254 267 283 339 327 385 481 437 433 439 487 480 541 596 587 530 569 586 599 574 538 514 494 477 460 456 436 414 385 373 361 350 320 307 313 302 278 268 232 221 207 194 183 173 162 152 139 115 97 85 91 133 239 320 195 113 80 63 60 59 66 75 80 80 73 65 64 63 65 65 70
177 176 176 179 181 182 184 186 188 192 196 200 205 213 219 224 229 233 238 243 251 262 309 319 349 416 522 519 552 535 561 551 596 610 579 635 632 607 590 568 533 508 491 469 459 431 417 405 393 374 353 339 317 329 360 359 339 306 262 217 204 190 179 167 157 141 119 98 86 83 120 231 297 229 179 129 85 66 62 62 67 75 80 80 76 74 75 74 74 77
187 179 177 176 177 179 180 182 183 186 189 195 201 206 211 217 220 226 232 237 245 251 265 301 328 364 439 458 523 554 549 560 561 581 606 638 641 628 610 596 561 530 501 483 469 449 442 431 413 401 368 345 334 323 312 347 373 367 313 314 269 240 187 170 155 136 120 99 86 79 102 160 257 233 182 158 122 81 66 61 63 71 73 76 81 84 93 99 87 84
211 187 179 177 175 177 178 179 179 180 184 189 195 199 205 209 212 218 226 234 250 262 262 283 319 332 349 396 491 479 492 513 512 521 558 587 590 640 634 612 574 532 514 515 508 486 468 451 435 414 379 350 347 377 340 337 362 369 365 352 274 305 192 161 150 136 117 101 89 80 93 124 176 219 206 168 127 102 71 64 62 63 67 71 76 81 90 96 95 87
246 203 184 180 176 175 176 176 177 178 181 185 189 194 198 203 209 215 225 238 250 251 251 254 296 311 359 365 446 457 408 447 467 473 530 511 564 635 618 620 603 573 543 540 530 512 491 468 447 432 411 371 367 364 340 337 321 330 331 362 326 322 198 161 143 134 120 104 89 81 83 119 160 209 172 147 120 103 79 70 64 62 66 73 78 77 80 88 91 87
248 212 190 182 179 176 174 176 175 176 178 181 184 189 194 199 204 209 214 222 233 234 236 238 259 278 297 333 358 403 433 453 425 420 458 498 514 557 577 588 618 590 553 552 542 519 495 471 468 438 427 404 365 342 326 314 334 359 387 394 390 284 206 173 151 135 118 104 90 82 81 111 135 208 176 133 110 75 63 74 63 64 69 78 87 85 81 88 96 83
240 217 192 183 179 177 174 174 174 174 176 178 181 184 189 193 199 204 208 213 218 223 226 230 237 251 272 286 315 361 396 405 365 366 350 467 463 474 507 554 593 604 593 561 551 514 480 487 483 456 420 423 404 377 340 329 328 366 406 409 336 269 308 198 180 156 128 109 94 85 80 105 139 162 142 106 80 61 64 56 47 50 63 66 71 78 81 81 77 71
248 211 191 183 178 177 175 172 172 171 172 173 176 180 183 188 194 200 205 208 210 214 217 221 226 236 249 265 293 321 324 334 340 335 371 438 500 548 501 531 566 575 595 587 568 533 498 508 472 432 414 397 394 382 366 345 386 365 399 399 366 370 299 206 197 180 161 141 105 90 84 94 130 137 120 88 66 61 76 52 49 48 46 55 80 75 67 65 64 63
254 227 193 182 177 175 171 168 166 165 166 168 170 174 178 183 188 194 198 201 205 208 210 213 218 222 233 251 269 290 292 280 298 342 397 377 459 503 550 566 568 535 575 598 581 537 502 504 465 453 434 404 394 382 365 353 366 381 376 338 374 406 329 217 207 222 198 177 131 97 89 91 134 135 123 94 68 82 85 54 52 50 48 46 65 91 59 52 49 52
250 227 201 184 174 171 167 165 162 161 162 163 165 168 173 177 182 186 190 193 197 202 205 207 210 211 215 226 247 252 250 280 308 351 366 340 415 457 463 463 512 516 520 578 578 522 506 536 530 500 455 416 395 389 367 358 345 324 335 398 387 399 350 265 255 305 248 226 151 105 94 88 103 122 133 122 115 125 93 75 55 53 50 49 49 68 59 44 43 44
263 242 212 190 171 166 161 158 157 156 156 158 159 162 165 170 174 178 182 186 189 194 198 200 202 204 207 210 217 230 246 256 272 309 312 340 371 440 421 387 450 444 465 513 535 494 527 532 532 505 454 422 405 392 379 371 370 369 361 342 360 421 376 348 301 343 288 261 183 133 101 92 87 97 119 142 143 132 113 98 66 54 53 51 50 57 62 51 44 43
274 252 217 184 169 161 157 155 153 152 151 152 154 157 159 163 166 170 174 178 182 185 189 192 194 196 199 202 205 211 226 237 243 262 313 319 334 363 348 425 404 359 391 418 440 527 567 566 553 515 473 437 421 400 386 368 354 362 383 375 391 402 416 407 343 385 318 234 188 152 111 96 89 99 119 130 141 122 118 94 67 55 54 52 51 49 54 63 45 45
274 250 199 190 164 156 152 149 148 147 146 147 148 150 153 155 159 163 167 170 174 177 180 182 184 186 189 191 193 198 204 214 218 254 289 309 315 313 311 398 359 403 402 537 532 549 583 567 566 543 527 459 428 412 401 379 364 354 380 400 420 419 401 324 373 411 348 293 214 173 140 105 93 113 147 149 149 140 112 92 70 65 56 54 52 51 49 65 49 45
258 223 186 174 162 154 150 146 144 143 141 141 142 145 147 150 153 156 159 163 165 169 171 174 176 178 179 181 184 187 192 197 205 225 235 249 253 292 290 307 327 386 405 511 554 566 578 537 532 562 537 514 455 427 414 421 382 365 359 373 395 390 390 322 318 326 377 391 268 185 139 110 97 103 169 183 164 166 125 106 84 86 67 67 53 52 51 70 54 46
253 236 201 183 182 165 151 144 139 137 136 136 137 139 141 143 146 149 152 155 158 161 163 165 167 169 170 172 175 178 182 188 195 204 213 226 230 252 269 315 332 343 397 438 458 510 497 511 496 544 545 529 513 474 468 426 386 380 371 373 386 355 319 323 309 361 389 393 321 198 141 113 101 102 153 189 180 214 150 114 89 83 78 82 63 55 60 72 71 49
286 309 222 183 166 161 150 142 136 133 132 131 132 133 135 138 140 142 144 147 150 153 156 158 160 162 163 165 167 169 174 180 187 195 202 217 214 234 262 274 286 301 322 375 423 441 438 472 455 498 500 512 509 504 491 427 396 384 367 356 355 349 315 295 310 357 375 346 360 236 154 116 105 105 159 200 231 215 152 97 77 75 78 79 81 65 65 96 90 53
321 272 238 199 177 152 147 138 136 133 128 127 128 129 131 132 134 136 139 141 143 146 148 151 153 155 157 159 161 164 168 174 181 189 196 202 205 222 261 265 278 282 346 388 409 387 405 436 434 490 458 500 530 488 503 443 407 398 406 369 348 334 325 320 371 358 346 380 386 269 179 121 109 100 132 169 210 219 158 92 68 65 67 76 88 60 66 115 88 55
337 335 283 217 219 182 147 140 141 144 131 125 125 126 126 128 130 132 134 136 138 140 142 144 146 149 152 154 157 160 164 169 176 183 190 193 203 212 226 235 247 266 303 370 402 407 422 354 408 442 426 434 450 473 483 451 449 420 404 372 370 372 356 360 373 323 348 344 344 327 231 130 111 102 110 143 177 174 111 75 71 69 65 66 69 57 73 118 114 64
302 273 335 236 224 234 180 166 158 147 137 125 123 123 124 125 127 129 130 131 133 135 137 139 141 143 146 150 153 156 161 165 171 176 182 191 197 204 214 224 234 249 271 327 369 343 345 370 418 461 447 415 426 426 421 414 408 392 401 394 379 365 369 364 346 304 326 331 369 360 233 149 115 105 100 110 151 175 115 79 79 75 69 64 63 60 70 86 96 73
271 263 297 295 236 292 305 252 193 152 136 126 123 122 122 123 124 125 126 127 129 131 132 134 136 139 142 145 149 153 157 162 167 173 179 185 191 199 207 216 225 238 256 278 296 336 335 401 404 449 473 470 444 484 515 519 432 419 391 396 381 364 357 336 313 325 365 389 383 366 240 169 123 107 100 96 120 202 175 100 82 78 72 69 64 70 78 64 69 69
246 268 267 300 289 310 317 279 176 136 135 133 125 123 119 121 121 122 123 124 125 126 128 130 132 135 138 141 145 149 153 157 162 167 173 179 185 191 199 208 217 225 241 249 276 302 356 402 411 441 458 480 491 479 544 536 491 484 461 430 407 383 347 340 330 326 326 345 379 369 264 186 140 114 104 98 104 195 197 128 82 79 73 70 65 64 70 61 64 66
252 260 262 292 309 324 364 300 171 153 187 187 145 125 119 120 120 120 121 121 122 122 124 125 128 131 134 137 141 145 149 153 158 162 168 174 180 186 193 201 210 217 224 243 287 281 340 409 403 443 440 441 455 491 551 546 530 470 456 430 401 387 379 360 358 391 410 369 397 404 306 214 163 126 110 103 98 162 237 175 104 79 74 70 66 63 62 64 62 73
232 225 287 288 308 336 351 337 201 170 226 223 176 130 121 120 120 120 120 119 119 120 121 122 124 127 130 133 136 141 145 149 153 158 163 168 175 181 187 194 201 206 214 232 239 248 264 336 363 382 432 453 451 454 468 511 515 496 451 422 408 394 383 374 359 393 448 418 449 440 348 274 188 144 119 109 101 119 209 214 141 86 75 71 67 64 62 65 63 70
234 273 245 285 304 279 293 245 181 183 218 240 192 142 123 121 120 118 116 116 116 116 118 120 122 124 126 130 133 137 141 145 149 154 159 164 170 176 182 188 195 201 206 214 219 226 235 258 309 400 422 428 435 442 436 461 479 496 488 441 418 418 419 402 406 394 461 402 407 428 443 324 223 169 140 124 105 100 139 235 185 143 84 72 68 65 63 63 67 78
271 252 304 314 385 361 268 222 185 157 157 158 152 135 143 130 125 120 116 114 114 115 116 117 119 121 124 126 130 133 136 141 146 150 155 159 164 170 176 182 188 193 197 203 208 219 222 238 303 389 400 394 430 431 430 420 417 465 482 468 442 418 425 415 423 433 424 401 378 401 436 410 270 197 159 129 110 102 110 180 204 195 162 98 99 84 65 64 81 106
323 273 254 269 346 398 321 340 305 234 208 181 172 158 172 159 140 126 118 115 115 115 115 116 116 119 121 123 126 129 133 138 142 146 150 155 160 165 170 176 181 185 189 194 198 208 212 219 236 291 330 370 423 405 424 422 401 400 436 457 434 411 405 394 410 459 438 396 353 400 440 441 365 252 179 140 117 106 99 107 139 163 201 143 121 125 112 83 91 126
314 277 256 245 259 318 353 371 321 255 256 284 282 218 239 238 215 161 133 122 119 115 115 116 116 116 118 121 123 126 130 133 138 142 147 151 155 159 164 169 174 178 182 186 190 195 201 209 246 283 270 340 403 367 413 407 395 407 379 369 387 404 405 403 435 426 459 437 353 399 429 426 425 360 256 169 127 109 101 96 95 110 152 187 151 125 115 125 112 108
302 297 248 259 259 267 292 334 397 372 305 246 239 214 249 307 314 228 162 132 121 116 115 115 114 115 116 119 121 124 127 131 135 139 142 146 150 154 158 163 167 171 175 179 183 187 193 200 207 217 245 266 340 349 409 391 380 381 379 414 438 436 421 411 437 416 387 375 349 385 387 396 412 366 332 253 152 112 104 98 93 91 105 152 154 123 108 102 101 67
