Lab10/future/bio1.asc
NCOLS 269 
NROWS 261 
XLLCORNER -125 
YLLCORNER 32.25 
CELLSIZE 0.0416666666666667 
NODATA_value -32768 
[rows 0 to 38 of 261, columns 88 to 175 of 269]
102 102 104 108 111 114 116 117 118 118 122 122 116 108 108 104 103 102 107 113 116 116 115 115 116 116 118 114 115 118 118 123 123 115 110 110 112 115 118 116 110 110 109 111 113 114 110 110 109 111 109 107 107 117 120 116 114 117 121 121 120 118 119 119 117 119 115 101 99 107 108 97 98 102 102 105 118 122 121 122 122 119 120 123 125 127 136 131
97 100 103 104 107 110 112 111 111 110 117 122 112 108 108 110 115 116 110 112 114 112 109 112 115 116 119 122 120 119 122 124 124 118 110 110 114 117 119 113 108 109 109 113 115 109 109 109 109 109 109 108 106 106 112 114 110 110 117 122 122 121 119 113 112 117 115 110 101 94 100 103 105 108 118 119 120 120 121 121 120 121 118 123 126 130 132 135
87 88 96 99 103 108 101 92 103 103 99 101 103 118 122 126 127 125 112 110 114 108 109 112 114 117 122 123 122 121 123 121 123 112 109 109 113 118 120 109 105 106 109 114 109 107 107 108 109 109 108 107 107 108 108 110 106 104 111 121 121 121 121 120 116 111 109 102 97 88 94 100 102 114 121 124 122 120 118 120 121 123 125 126 129 132 135 133
72 74 86 91 99 105 102 93 94 94 91 83 85 126 129 129 128 121 110 110 109 109 110 110 114 119 121 122 124 125 126 126 113 105 108 111 113 117 117 103 104 107 112 107 105 107 107 108 109 110 109 108 108 108 107 110 109 105 109 123 120 119 118 117 114 108 101 97 94 93 89 93 111 120 121 110 107 114 117 119 122 123 125 128 129 131 133 130
65 74 85 91 100 106 105 98 90 90 86 80 105 130 130 129 128 121 109 117 111 108 113 112 113 117 117 119 122 123 124 125 107 95 108 112 112 114 111 104 104 112 113 107 107 108 107 108 109 110 109 111 112 111 110 106 107 104 113 124 121 116 111 108 108 109 100 90 87 86 83 107 122 122 122 99 96 105 112 118 122 124 125 127 129 131 131 130
81 83 87 94 102 104 104 98 94 88 85 81 121 130 130 130 128 122 112 105 115 115 114 113 115 116 116 115 120 121 122 121 113 107 109 111 112 108 108 108 110 112 116 115 109 107 109 110 114 113 110 109 110 113 113 109 105 105 121 125 119 112 103 96 97 100 98 91 84 83 103 125 120 119 118 106 100 102 111 119 124 126 126 126 128 130 134 132
86 89 92 98 103 105 105 99 95 90 84 77 115 129 129 129 128 125 120 110 110 117 115 113 116 117 116 116 119 119 121 123 111 110 110 111 109 107 110 112 116 117 119 121 111 110 112 115 117 115 115 115 113 113 114 113 107 109 126 125 116 108 99 91 85 92 91 84 80 87 124 125 120 122 108 99 99 102 110 117 123 127 128 129 130 130 135 136
88 91 96 101 104 105 106 103 98 92 84 77 106 128 129 129 128 126 123 114 112 114 114 114 116 120 121 119 119 117 115 118 111 113 113 112 112 111 111 118 123 123 122 122 114 113 114 116 117 119 118 117 117 118 115 112 113 113 120 123 114 104 95 88 80 82 83 77 78 117 123 127 125 112 100 98 98 101 107 114 115 123 129 130 130 131 134 133
90 94 97 102 104 104 104 102 99 92 83 78 96 125 128 128 128 127 125 119 121 116 110 112 116 122 127 127 125 122 114 111 110 116 118 119 118 116 116 123 124 124 124 118 115 115 116 117 119 119 119 118 118 120 119 118 119 112 105 116 108 95 88 80 73 65 69 69 106 123 121 126 125 121 119 118 119 114 116 120 121 124 129 131 132 133 134 132
97 99 100 102 102 102 101 100 98 93 88 83 81 107 119 126 126 124 125 125 126 125 110 111 116 124 129 128 129 118 111 112 113 120 123 123 122 121 122 125 125 125 123 115 116 116 117 119 120 121 121 121 121 121 121 121 117 110 104 108 110 96 83 75 68 58 59 82 121 123 114 116 131 120 119 122 125 128 129 127 126 126 130 131 132 133 133 132
100 100 101 101 101 101 101 99 95 93 91 85 78 79 82 96 96 105 119 126 126 127 111 109 119 128 129 129 117 109 112 115 122 124 125 125 125 125 126 126 126 112 108 115 116 117 117 118 119 121 121 122 122 122 122 122 114 107 102 104 109 107 89 77 71 58 51 98 124 127 121 121 128 117 117 122 125 127 130 130 130 131 132 132 133 133 133 133
101 98 99 99 99 97 98 94 86 87 87 82 78 75 73 80 89 108 98 120 126 127 120 110 117 128 129 125 104 108 113 117 122 123 122 125 126 127 127 127 121 98 112 113 115 116 115 116 116 118 120 122 122 122 122 122 115 104 102 104 106 108 105 93 72 56 56 105 128 130 130 125 114 116 122 127 129 128 128 129 131 133 133 132 133 133 133 132
102 94 91 98 100 100 99 93 84 80 87 87 80 77 79 82 97 108 94 111 125 125 127 124 119 127 129 123 105 109 112 114 118 121 120 126 127 127 127 121 104 108 113 114 114 115 115 114 117 119 122 123 123 123 123 123 123 109 104 103 102 100 100 93 82 67 81 121 131 132 132 122 116 121 126 129 131 130 129 129 132 133 133 132 131 130 130 132
105 101 99 99 104 105 103 98 93 88 88 86 76 69 80 91 105 112 95 102 117 123 127 128 125 124 130 113 103 104 100 101 110 117 126 128 128 127 111 103 107 109 112 114 115 115 115 119 122 123 123 123 123 123 123 123 123 113 100 100 98 96 93 89 83 91 103 130 133 132 132 125 121 125 128 131 131 131 130 130 131 132 132 130 127 125 126 131
109 109 108 107 106 108 108 104 100 96 78 73 79 76 88 97 103 107 105 90 103 114 116 124 128 128 112 93 98 103 101 99 108 115 127 129 128 102 80 98 103 105 110 113 115 115 116 120 122 122 122 122 122 123 124 124 124 122 102 93 94 92 84 76 90 122 119 132 133 133 133 120 122 129 130 131 132 131 128 129 131 131 131 129 126 117 118 128
110 111 108 104 108 110 110 109 105 94 80 73 84 90 94 100 105 106 107 96 95 111 117 119 121 128 101 92 99 107 112 110 114 122 128 129 128 94 80 89 94 102 108 112 116 118 119 120 120 120 120 119 120 122 124 124 124 124 122 103 93 86 82 76 113 130 129 132 133 133 130 129 130 130 131 131 131 130 127 127 131 130 130 124 124 119 118 128
110 111 106 107 108 110 111 111 108 104 99 96 93 92 86 94 105 107 100 96 87 103 114 111 111 124 99 91 101 109 111 114 117 122 130 130 120 80 88 88 98 104 107 110 116 118 116 112 111 114 117 117 116 117 119 124 124 124 124 114 107 106 95 104 123 132 133 133 133 132 128 130 130 130 130 130 130 129 126 123 128 125 126 125 122 122 118 125
109 109 105 99 97 102 109 112 112 109 107 105 102 96 86 91 100 101 95 84 85 96 103 103 116 111 83 90 97 102 109 113 115 118 130 131 102 78 101 102 103 105 107 108 116 113 109 93 94 108 111 112 113 115 116 124 125 124 124 114 113 115 107 107 125 134 134 134 130 123 124 128 130 130 129 128 127 125 124 122 120 116 114 123 121 119 117 117
99 98 97 100 101 99 107 111 111 110 108 102 102 99 91 81 88 97 96 89 93 98 109 108 117 109 89 85 86 99 107 111 112 113 127 130 119 103 103 104 104 104 106 109 115 109 108 98 89 97 109 113 113 116 116 119 125 125 122 110 112 109 99 111 132 134 134 131 124 117 121 126 128 128 128 126 122 115 113 112 113 114 100 113 116 119 112 107
94 93 96 104 104 102 104 106 107 106 99 97 99 100 96 86 83 91 99 96 104 110 116 116 116 105 92 82 77 90 104 108 107 103 114 130 132 117 105 104 105 104 105 111 113 107 106 98 96 104 110 112 111 115 116 120 123 124 108 97 104 104 109 120 133 134 134 130 128 116 116 122 120 126 124 122 116 106 97 95 109 111 102 100 111 116 110 101
104 104 104 106 105 104 98 97 103 102 96 97 93 101 108 95 85 90 104 109 111 116 117 116 108 93 87 91 93 99 108 108 104 97 102 133 133 126 112 102 105 105 106 112 115 113 110 101 107 109 112 114 114 114 115 118 119 121 104 100 101 106 118 127 133 134 132 130 129 122 110 120 120 125 119 119 110 99 89 85 110 117 115 106 110 117 112 101
109 104 101 106 106 107 101 99 100 101 101 100 94 103 110 107 90 93 100 110 113 117 118 111 100 102 103 100 107 107 109 110 105 97 106 133 131 125 115 103 103 104 111 115 115 114 109 100 103 108 110 113 113 113 110 112 116 110 109 108 111 102 118 123 132 134 131 129 125 122 116 123 124 122 119 116 112 100 92 86 108 115 119 120 119 119 114 103
117 111 107 107 107 108 107 105 103 102 103 100 98 106 109 111 111 105 110 115 116 118 119 118 105 97 95 98 103 107 110 111 111 106 129 134 130 122 117 104 101 104 108 116 116 114 108 105 103 106 107 110 111 108 107 111 107 109 111 113 117 100 104 113 126 133 134 131 123 121 121 117 114 110 111 109 102 93 89 82 93 100 115 121 123 122 112 101
119 118 117 114 109 107 108 105 105 103 104 102 99 108 104 109 112 109 112 116 117 119 120 120 108 91 93 99 101 105 105 107 106 115 134 134 133 128 108 102 103 105 110 117 116 110 105 103 104 102 100 100 105 106 108 100 98 106 110 115 118 106 87 105 110 131 135 133 130 122 110 102 101 88 99 100 96 92 85 80 81 78 103 119 123 123 116 103
108 119 120 117 109 109 109 105 104 103 100 100 103 102 99 104 102 102 111 117 118 119 120 121 113 99 91 98 110 104 105 107 108 132 133 132 132 130 113 106 103 107 114 117 116 104 102 104 103 101 99 95 91 102 106 101 98 99 111 118 119 112 87 86 79 120 135 134 129 117 101 91 92 78 86 94 92 94 91 89 85 80 99 119 124 124 120 114
97 112 121 119 112 112 111 110 106 105 103 102 102 100 103 100 99 98 110 118 119 120 120 121 117 96 76 94 102 99 103 108 121 124 125 126 133 129 100 99 106 109 114 117 110 99 99 102 104 102 100 99 99 99 94 99 112 115 120 116 119 117 98 90 97 128 135 134 129 118 102 92 84 75 76 91 97 104 109 109 107 104 98 109 124 124 121 119
105 102 121 120 118 115 112 110 111 107 103 103 103 105 101 100 110 108 112 118 119 120 121 121 120 102 85 81 86 88 104 111 118 119 111 116 132 127 93 100 106 107 115 117 106 99 101 101 102 102 103 105 106 105 99 102 111 116 123 118 125 121 104 103 110 135 135 133 122 113 109 103 83 73 69 94 106 111 115 114 110 114 113 114 122 125 123 121
117 113 112 116 118 117 115 114 113 110 107 107 107 104 102 100 103 107 104 108 119 120 121 121 121 102 91 75 77 90 108 116 117 117 109 100 124 127 99 101 107 103 114 117 103 97 97 97 97 100 102 105 106 102 104 106 109 117 118 125 130 124 109 113 134 136 134 128 115 93 101 95 97 88 74 94 107 110 111 110 108 108 116 119 124 125 125 123
120 116 117 115 115 117 117 115 115 113 112 111 108 106 104 104 104 105 105 112 119 120 121 121 117 97 79 92 82 106 114 118 115 112 110 93 112 118 106 105 105 106 112 114 103 102 99 94 94 101 106 108 103 100 101 106 112 123 129 128 131 129 121 133 128 135 124 124 113 93 98 102 111 108 107 101 103 104 101 105 108 114 117 119 124 125 126 125
122 118 119 119 119 119 118 117 117 115 112 112 110 109 108 108 109 108 108 115 120 120 121 121 116 90 87 110 120 122 118 116 115 109 105 95 107 108 103 109 100 106 108 108 106 102 94 93 94 103 107 106 107 110 109 112 116 126 130 132 133 134 134 127 128 129 122 117 99 85 83 107 123 127 122 105 98 99 100 102 112 116 114 114 116 126 127 125
125 120 115 120 120 119 119 117 117 114 112 110 110 111 112 112 111 111 110 114 119 120 121 118 113 110 89 108 128 130 123 117 111 103 100 102 109 105 101 112 97 99 104 107 108 102 90 88 95 100 101 101 102 106 113 118 114 107 115 129 134 135 136 120 122 124 126 119 99 89 87 96 120 130 130 117 104 95 95 93 110 114 112 111 112 129 128 125
126 119 114 118 120 120 119 117 117 115 112 108 111 113 113 112 112 111 111 114 119 120 121 114 101 107 110 115 130 130 125 117 111 103 98 103 110 107 107 113 95 97 103 108 108 106 103 98 99 99 100 102 103 111 116 116 115 102 103 126 134 135 134 107 89 108 129 127 113 95 96 97 119 131 132 129 97 90 92 100 111 116 115 120 123 130 128 125
126 120 120 121 119 120 119 118 116 114 112 112 113 112 111 112 113 112 111 115 120 120 121 114 99 100 99 120 130 131 127 113 106 104 102 110 114 112 113 106 96 101 105 104 106 103 102 101 98 99 100 98 105 110 102 111 111 102 119 130 131 130 129 104 100 113 131 132 126 111 105 103 116 130 133 133 117 92 101 103 117 119 121 131 132 131 128 124
126 125 124 122 120 120 118 117 114 113 114 114 113 111 109 112 113 112 112 115 120 120 121 116 99 82 99 128 131 131 125 110 105 103 104 114 114 113 107 97 102 106 107 102 106 103 103 102 97 95 98 104 108 101 98 103 99 115 130 130 121 114 109 90 86 107 134 135 132 122 111 108 111 128 134 134 131 104 109 119 125 126 131 134 133 131 126 119
127 127 125 123 121 117 116 115 113 113 113 114 113 112 112 113 114 114 114 114 116 120 121 115 91 79 114 130 131 131 121 111 108 100 105 114 114 108 99 102 108 111 108 100 103 105 106 103 103 100 98 99 97 99 98 105 102 124 131 125 104 92 75 76 103 121 138 138 135 126 117 116 111 125 135 135 135 123 120 124 128 133 135 135 133 130 119 105
125 125 125 123 121 118 115 113 113 113 113 113 114 114 112 112 114 114 114 115 115 118 120 108 93 90 118 130 131 130 119 119 112 99 101 114 114 111 106 107 112 112 109 104 104 105 103 94 97 101 101 103 102 102 93 98 107 118 126 121 95 82 68 93 103 126 140 140 139 136 133 126 120 128 136 136 136 129 109 106 129 136 136 136 134 129 113 101
125 125 124 122 120 117 115 113 111 112 113 114 113 113 112 113 115 115 115 116 115 118 120 112 97 80 103 126 131 130 125 124 114 105 102 113 114 114 112 111 112 111 109 106 100 101 108 98 97 99 99 104 107 102 97 101 105 103 115 120 109 87 100 111 98 124 142 142 141 140 139 135 124 126 134 135 137 137 119 114 132 137 137 137 135 129 105 89
125 125 123 121 119 117 115 114 112 112 113 114 114 114 112 113 113 113 116 118 118 121 118 113 101 92 98 120 131 132 131 129 119 97 95 109 114 114 113 110 106 106 106 104 98 102 109 111 107 105 98 100 103 107 106 103 94 90 106 116 114 105 123 122 104 111 138 143 142 141 141 139 128 128 138 139 138 138 122 119 130 137 137 137 136 129 102 80
126 124 121 119 118 117 116 115 114 113 117 114 116 116 114 113 114 116 120 120 122 122 120 108 92 88 110 124 131 132 132 132 125 96 93 110 114 114 113 112 99 95 98 103 104 110 112 115 112 106 103 100 102 103 108 99 87 85 103 113 125 136 139 130 111 125 143 144 143 138 141 141 135 135 139 139 139 139 124 124 135 138 138 137 136 132 115 88
