Lab10/future/bio12.asc
NCOLS 269 
NROWS 261 
XLLCORNER -125 
YLLCORNER 32.25 
CELLSIZE 0.0416666666666667 
NODATA_value -32768 
[rows 78 to 116 of 261, columns 0 to 86 of 269]
-32768 -32768 -32768 -32768 -32768 -32768 -32768 -32768 -32768 -32768 -32768 -32768 -32768 -32768 -32768 -32768 -32768 -32768 -32768 -32768 -32768 -32768 -32768 -32768 -32768 -32768 1879 1862 1860 1903 1874 1819 1770 1720 1693 1670 1603 1457 1469 1528 1407 1322 1279 1234 1194 1300 1184 1344 1524 1521 1386 1288 1265 1207 1125 988 767 704 675 676 635 607 585 570 570 571 575 582 593 605 619 638 658 686 722 783 916 1092 1214 1363 1417 1549 1511 1136 811 859 1280
-32768 -32768 -32768 -32768 -32768 -32768 -32768 -32768 -32768 -32768 -32768 -32768 -32768 -32768 -32768 -32768 -32768 -32768 -32768 -32768 -32768 -32768 -32768 -32768 -32768 -32768 -32768 1734 1874 1885 1850 1807 1760 1720 1668 1652 1641 1517 1422 1515 1411 1252 1197 1181 1159 1195 1157 1253 1330 1444 1305 1246 1263 1371 1320 1190 905 706 638 631 616 592 574 565 563 568 573 580 591 603 615 633 652 675 705 747 829 998 1133 1292 1261 1535 1472 1269 1122 1433 1138
-32768 -32768 -32768 -32768 -32768 -32768 -32768 -32768 -32768 -32768 -32768 -32768 -32768 -32768 -32768 -32768 -32768 -32768 -32768 -32768 -32768 -32768 -32768 -32768 -32768 -32768 -32768 1521 1774 1856 1825 1796 1744 1716 1651 1620 1594 1519 1411 1462 1447 1266 1191 1177 1179 1297 1355 1223 1204 1376 1500 1368 1162 1081 1086 1268 1081 829 640 613 605 595 572 566 560 561 569 579 588 598 609 624 643 664 689 720 761 853 1010 1138 1191 1480 1526 1564 1457 1205 1079
-32768 -32768 -32768 -32768 -32768 -32768 -32768 -32768 -32768 -32768 -32768 -32768 -32768 -32768 -32768 -32768 -32768 -32768 -32768 -32768 -32768 -32768 -32768 -32768 -32768 -32768 -32768 -32768 1628 1737 1799 1780 1734 1729 1677 1587 1573 1577 1481 1383 1407 1348 1233 1221 1218 1262 1381 1487 1379 1213 1507 1578 1448 1186 951 1027 1065 907 665 641 615 580 574 563 557 557 566 574 582 591 604 618 635 652 678 709 743 801 922 999 1217 1339 1398 1535 1505 1405 1475
-32768 -32768 -32768 -32768 -32768 -32768 -32768 -32768 -32768 -32768 -32768 -32768 -32768 -32768 -32768 -32768 -32768 -32768 -32768 -32768 -32768 -32768 -32768 -32768 -32768 -32768 -32768 -32768 1510 1626 1737 1758 1717 1729 1706 1590 1559 1569 1516 1383 1407 1305 1300 1263 1192 1177 1288 1374 1529 1313 1373 1553 1488 1329 1044 930 870 787 614 598 584 596 571 554 549 549 554 564 571 582 595 607 622 642 665 693 723 760 830 918 1014 1066 1207 1359 1405 1462 1490
-32768 -32768 -32768 -32768 -32768 -32768 -32768 -32768 -32768 -32768 -32768 -32768 -32768 -32768 -32768 -32768 -32768 -32768 -32768 -32768 -32768 -32768 -32768 -32768 -32768 -32768 -32768 -32768 -32768 1473 1561 1661 1695 1676 1681 1605 1551 1543 1529 1420 1459 1501 1425 1329 1239 1218 1296 1371 1535 1424 1318 1494 1478 1336 1264 1122 933 723 608 591 599 573 558 547 541 541 545 554 562 571 584 599 613 632 653 680 708 734 764 813 859 923 1119 1273 1380 1538 1576
-32768 -32768 -32768 -32768 -32768 -32768 -32768 -32768 -32768 -32768 -32768 -32768 -32768 -32768 -32768 -32768 -32768 -32768 -32768 -32768 -32768 -32768 -32768 -32768 -32768 -32768 -32768 -32768 -32768 1466 1512 1513 1512 1581 1585 1616 1571 1517 1448 1415 1369 1453 1491 1356 1292 1180 1219 1369 1583 1612 1458 1309 1435 1419 1389 1174 987 674 598 598 582 556 549 543 532 531 534 542 551 560 570 585 602 620 640 663 688 714 743 779 820 921 1184 1286 1240 1393 1507
-32768 -32768 -32768 -32768 -32768 -32768 -32768 -32768 -32768 -32768 -32768 -32768 -32768 -32768 -32768 -32768 -32768 -32768 -32768 -32768 -32768 -32768 -32768 -32768 -32768 -32768 -32768 -32768 -32768 1288 1354 1415 1441 1485 1548 1616 1594 1509 1463 1476 1449 1374 1425 1450 1446 1352 1249 1222 1445 1551 1390 1332 1392 1271 1281 1261 1043 679 597 594 588 551 536 531 527 524 525 531 539 548 558 572 589 608 627 647 671 698 726 756 792 867 1037 1096 1135 1188 1206
-32768 -32768 -32768 -32768 -32768 -32768 -32768 -32768 -32768 -32768 -32768 -32768 -32768 -32768 -32768 -32768 -32768 -32768 -32768 -32768 -32768 -32768 -32768 -32768 -32768 -32768 -32768 -32768 -32768 1203 1268 1408 1469 1415 1480 1606 1587 1548 1483 1499 1448 1384 1329 1344 1379 1573 1499 1352 1427 1584 1397 1212 1236 1377 1411 1385 1164 755 622 586 588 553 536 525 518 516 517 521 527 536 546 559 574 592 610 631 653 678 704 732 769 811 842 909 1068 1224 1316
-32768 -32768 -32768 -32768 -32768 -32768 -32768 -32768 -32768 -32768 -32768 -32768 -32768 -32768 -32768 -32768 -32768 -32768 -32768 -32768 -32768 -32768 -32768 -32768 -32768 -32768 -32768 -32768 1158 1241 1275 1316 1363 1437 1428 1418 1477 1557 1497 1444 1453 1406 1342 1337 1301 1373 1553 1396 1191 1279 1270 1163 1275 1380 1458 1164 999 890 651 582 616 577 534 524 519 509 511 514 518 526 533 545 560 577 595 615 637 660 685 712 745 771 805 872 983 1139 1355
-32768 -32768 -32768 -32768 -32768 -32768 -32768 -32768 -32768 -32768 -32768 -32768 -32768 -32768 -32768 -32768 -32768 -32768 -32768 -32768 -32768 -32768 -32768 -32768 -32768 -32768 -32768 -32768 1149 1197 1248 1274 1365 1382 1338 1312 1339 1435 1493 1424 1409 1415 1361 1349 1294 1393 1455 1283 1151 1083 1150 1127 1349 1474 1410 1414 1005 782 634 589 630 609 541 522 516 503 503 505 508 515 522 533 546 561 578 598 618 641 665 691 716 746 780 840 933 1018 1214
-32768 -32768 -32768 -32768 -32768 -32768 -32768 -32768 -32768 -32768 -32768 -32768 -32768 -32768 -32768 -32768 -32768 -32768 -32768 -32768 -32768 -32768 -32768 -32768 -32768 -32768 -32768 -32768 1170 1251 1278 1282 1330 1445 1401 1435 1421 1483 1488 1431 1407 1435 1393 1353 1315 1290 1310 1250 1186 1114 1094 1192 1470 1603 1503 1179 957 819 621 601 638 636 546 522 518 503 498 498 500 505 511 521 534 547 563 582 601 623 646 671 695 719 746 791 854 939 1080
-32768 -32768 -32768 -32768 -32768 -32768 -32768 -32768 -32768 -32768 -32768 -32768 -32768 -32768 -32768 -32768 -32768 -32768 -32768 -32768 -32768 -32768 -32768 -32768 -32768 -32768 -32768 -32768 1182 1256 1320 1285 1279 1288 1297 1367 1416 1488 1481 1475 1437 1448 1349 1333 1267 1240 1285 1304 1305 1185 1102 1109 1270 1450 1465 1094 835 758 684 606 661 625 549 524 515 502 494 493 493 495 499 508 519 533 548 566 586 606 628 652 674 695 719 750 797 876 966
-32768 -32768 -32768 -32768 -32768 -32768 -32768 -32768 -32768 -32768 -32768 -32768 -32768 -32768 -32768 -32768 -32768 -32768 -32768 -32768 -32768 -32768 -32768 -32768 -32768 -32768 -32768 -32768 1154 1249 1249 1199 1216 1245 1260 1282 1322 1385 1444 1462 1405 1443 1294 1312 1279 1190 1225 1292 1368 1319 1199 1096 1171 1335 1384 1217 1098 1084 830 638 643 647 584 526 520 502 493 490 485 486 489 496 504 518 534 552 571 590 610 632 654 675 696 722 759 826 909
-32768 -32768 -32768 -32768 -32768 -32768 -32768 -32768 -32768 -32768 -32768 -32768 -32768 -32768 -32768 -32768 -32768 -32768 -32768 -32768 -32768 -32768 -32768 -32768 -32768 -32768 -32768 -32768 1172 1245 1260 1226 1237 1217 1304 1303 1342 1405 1408 1461 1416 1331 1225 1223 1294 1191 1167 1252 1203 1228 1271 1230 1150 1267 1482 1304 1070 915 885 701 649 752 619 546 524 501 491 487 481 479 479 484 491 504 521 554 583 588 593 612 632 652 673 697 725 827 844
-32768 -32768 -32768 -32768 -32768 -32768 -32768 -32768 -32768 -32768 -32768 -32768 -32768 -32768 -32768 -32768 -32768 -32768 -32768 -32768 -32768 -32768 -32768 -32768 -32768 -32768 -32768 -32768 -32768 1216 1243 1274 1287 1258 1280 1307 1328 1324 1387 1436 1440 1361 1245 1195 1258 1252 1235 1242 1264 1120 1183 1293 1251 1082 1129 1326 1162 1052 1042 827 707 726 642 576 522 504 495 487 480 476 472 474 479 493 519 595 714 666 596 597 613 631 649 668 692 743 769
-32768 -32768 -32768 -32768 -32768 -32768 -32768 -32768 -32768 -32768 -32768 -32768 -32768 -32768 -32768 -32768 -32768 -32768 -32768 -32768 -32768 -32768 -32768 -32768 -32768 -32768 -32768 -32768 -32768 1222 1262 1250 1259 1265 1262 1303 1328 1371 1394 1456 1397 1366 1212 1162 1256 1345 1309 1219 1121 1090 1004 1125 1291 1282 1044 997 1039 948 1010 826 765 698 645 628 533 510 499 490 480 474 468 466 472 486 504 569 614 591 569 581 594 611 626 645 665 690 745
-32768 -32768 -32768 -32768 -32768 -32768 -32768 -32768 -32768 -32768 -32768 -32768 -32768 -32768 -32768 -32768 -32768 -32768 -32768 -32768 -32768 -32768 -32768 -32768 -32768 -32768 -32768 -32768 -32768 -32768 1294 1361 1290 1236 1211 1275 1289 1331 1396 1452 1497 1401 1267 1142 1214 1350 1367 1263 1145 1051 974 1039 1200 1321 1128 1169 1036 974 784 834 886 691 661 604 553 519 507 496 487 479 473 472 475 486 497 511 527 539 552 567 582 595 609 623 639 661 697
-32768 -32768 -32768 -32768 -32768 -32768 -32768 -32768 -32768 -32768 -32768 -32768 -32768 -32768 -32768 -32768 -32768 -32768 -32768 -32768 -32768 -32768 -32768 -32768 -32768 -32768 -32768 -32768 -32768 -32768 1182 1300 1407 1385 1318 1232 1220 1397 1422 1452 1483 1360 1285 1144 1183 1332 1309 1243 1120 1046 961 911 936 1132 1021 933 979 937 839 829 1020 722 669 624 599 537 520 505 494 486 478 475 479 486 495 506 519 530 541 553 566 578 589 603 618 638 665
-32768 -32768 -32768 -32768 -32768 -32768 -32768 -32768 -32768 -32768 -32768 -32768 -32768 -32768 -32768 -32768 -32768 -32768 -32768 -32768 -32768 -32768 -32768 -32768 -32768 -32768 -32768 -32768 -32768 -32768 -32768 1313 1389 1416 1477 1405 1252 1210 1316 1378 1429 1434 1348 1265 1153 1333 1375 1288 1127 1021 948 917 890 974 1056 901 858 793 788 830 972 810 713 709 715 574 560 528 506 496 485 481 482 488 495 505 515 523 532 542 552 564 575 588 605 624 648
-32768 -32768 -32768 -32768 -32768 -32768 -32768 -32768 -32768 -32768 -32768 -32768 -32768 -32768 -32768 -32768 -32768 -32768 -32768 -32768 -32768 -32768 -32768 -32768 -32768 -32768 -32768 -32768 -32768 -32768 -32768 1237 1416 1426 1394 1490 1311 1320 1237 1279 1392 1406 1350 1283 1176 1174 1318 1315 1165 1049 956 932 912 889 888 863 866 862 764 807 871 840 787 730 810 612 602 575 534 511 499 491 486 490 496 504 513 519 526 534 543 553 562 575 591 609 633
-32768 -32768 -32768 -32768 -32768 -32768 -32768 -32768 -32768 -32768 -32768 -32768 -32768 -32768 -32768 -32768 -32768 -32768 -32768 -32768 -32768 -32768 -32768 -32768 -32768 -32768 -32768 -32768 -32768 -32768 1174 1191 1358 1432 1436 1419 1474 1345 1339 1272 1367 1462 1347 1288 1171 1125 1133 1215 1253 1126 1008 977 1003 1187 893 853 849 834 820 778 757 812 806 752 850 659 644 634 576 536 517 504 496 496 499 505 512 518 523 529 535 545 552 565 580 598 618
-32768 -32768 -32768 -32768 -32768 -32768 -32768 -32768 -32768 -32768 -32768 -32768 -32768 -32768 -32768 -32768 -32768 -32768 -32768 -32768 -32768 -32768 -32768 -32768 -32768 -32768 -32768 -32768 -32768 -32768 1184 1196 1247 1355 1468 1445 1378 1422 1380 1382 1338 1430 1466 1428 1321 1197 1149 1189 1280 1185 1084 1048 1071 1077 1008 927 859 832 848 991 979 875 782 749 866 762 702 678 619 568 536 518 508 504 503 508 512 517 520 525 528 535 543 555 569 587 606
-32768 -32768 -32768 -32768 -32768 -32768 -32768 -32768 -32768 -32768 -32768 -32768 -32768 -32768 -32768 -32768 -32768 -32768 -32768 -32768 -32768 -32768 -32768 -32768 -32768 -32768 -32768 -32768 -32768 -32768 -32768 1219 1289 1290 1468 1385 1319 1370 1400 1378 1390 1316 1334 1313 1299 1247 1187 1255 1307 1287 1239 1155 1212 1226 1179 1090 971 857 892 956 1043 1047 938 892 815 794 655 764 680 599 553 536 515 510 508 510 514 517 521 524 527 533 537 550 561 577 595
-32768 -32768 -32768 -32768 -32768 -32768 -32768 -32768 -32768 -32768 -32768 -32768 -32768 -32768 -32768 -32768 -32768 -32768 -32768 -32768 -32768 -32768 -32768 -32768 -32768 -32768 -32768 -32768 -32768 -32768 -32768 -32768 1222 1333 1310 1394 1380 1397 1328 1406 1440 1419 1340 1326 1288 1295 1237 1219 1306 1277 1275 1273 1278 1223 1255 1165 1045 986 972 911 955 967 977 902 948 952 676 694 752 627 572 553 531 517 515 516 516 518 521 523 525 529 534 545 555 570 585
-32768 -32768 -32768 -32768 -32768 -32768 -32768 -32768 -32768 -32768 -32768 -32768 -32768 -32768 -32768 -32768 -32768 -32768 -32768 -32768 -32768 -32768 -32768 -32768 -32768 -32768 -32768 -32768 -32768 -32768 -32768 -32768 -32768 1253 1317 1291 1274 1353 1324 1333 1396 1456 1365 1304 1297 1295 1273 1204 1226 1223 1213 1226 1244 1338 1328 1265 1104 1032 1006 983 936 925 895 905 879 936 790 619 765 676 576 561 551 537 527 525 522 522 523 524 525 528 532 539 551 564 578
-32768 -32768 -32768 -32768 -32768 -32768 -32768 -32768 -32768 -32768 -32768 -32768 -32768 -32768 -32768 -32768 -32768 -32768 -32768 -32768 -32768 -32768 -32768 -32768 -32768 -32768 -32768 -32768 -32768 -32768 -32768 -32768 -32768 -32768 1218 1219 1247 1300 1286 1324 1320 1415 1408 1386 1333 1278 1283 1256 1230 1255 1258 1283 1295 1289 1286 1174 1143 1134 1075 1026 982 917 931 985 880 867 901 662 638 724 586 565 561 558 548 535 529 527 524 524 525 526 527 535 546 556 570
-32768 -32768 -32768 -32768 -32768 -32768 -32768 -32768 -32768 -32768 -32768 -32768 -32768 -32768 -32768 -32768 -32768 -32768 -32768 -32768 -32768 -32768 -32768 -32768 -32768 -32768 -32768 -32768 -32768 -32768 -32768 -32768 -32768 -32768 -32768 1166 1219 1238 1273 1287 1377 1422 1358 1426 1421 1341 1326 1304 1266 1244 1232 1271 1282 1257 1294 1260 1200 1181 1143 1086 1040 983 911 947 863 826 919 761 620 626 597 575 568 565 563 547 542 535 529 526 522 523 525 530 539 552 564
-32768 -32768 -32768 -32768 -32768 -32768 -32768 -32768 -32768 -32768 -32768 -32768 -32768 -32768 -32768 -32768 -32768 -32768 -32768 -32768 -32768 -32768 -32768 -32768 -32768 -32768 -32768 -32768 -32768 -32768 -32768 -32768 -32768 -32768 -32768 -32768 -32768 1209 1263 1286 1271 1344 1308 1378 1437 1381 1383 1346 1303 1264 1260 1206 1202 1269 1199 1255 1269 1218 1191 1151 1079 1021 951 891 869 796 884 942 777 678 620 592 580 572 565 556 549 540 530 525 519 519 520 522 529 542 554
-32768 -32768 -32768 -32768 -32768 -32768 -32768 -32768 -32768 -32768 -32768 -32768 -32768 -32768 -32768 -32768 -32768 -32768 -32768 -32768 -32768 -32768 -32768 -32768 -32768 -32768 -32768 -32768 -32768 -32768 -32768 -32768 -32768 -32768 -32768 -32768 -32768 -32768 1243 1319 1314 1362 1309 1346 1426 1449 1412 1372 1376 1302 1248 1232 1194 1205 1184 1197 1260 1255 1231 1189 1075 1004 960 949 867 785 830 967 951 858 663 619 598 585 573 563 552 542 529 524 519 517 516 517 519 526 534
-32768 -32768 -32768 -32768 -32768 -32768 -32768 -32768 -32768 -32768 -32768 -32768 -32768 -32768 -32768 -32768 -32768 -32768 -32768 -32768 -32768 -32768 -32768 -32768 -32768 -32768 -32768 -32768 -32768 -32768 -32768 -32768 -32768 -32768 -32768 -32768 -32768 -32768 -32768 1265 1332 1346 1405 1424 1419 1412 1413 1438 1420 1363 1274 1211 1255 1171 1232 1205 1210 1131 1168 1196 1190 1102 985 932 951 836 769 892 949 891 709 648 614 598 584 568 552 539 528 521 515 511 508 510 509 508 510
-32768 -32768 -32768 -32768 -32768 -32768 -32768 -32768 -32768 -32768 -32768 -32768 -32768 -32768 -32768 -32768 -32768 -32768 -32768 -32768 -32768 -32768 -32768 -32768 -32768 -32768 -32768 -32768 -32768 -32768 -32768 -32768 -32768 -32768 -32768 -32768 -32768 -32768 -32768 1112 1259 1363 1408 1454 1456 1382 1371 1423 1448 1407 1306 1188 1169 1188 1266 1263 1272 1237 1142 1056 1114 1159 1078 1033 1037 1004 809 791 857 903 767 667 633 613 595 576 554 537 527 520 511 507 503 504 501 499 501
-32768 -32768 -32768 -32768 -32768 -32768 -32768 -32768 -32768 -32768 -32768 -32768 -32768 -32768 -32768 -32768 -32768 -32768 -32768 -32768 -32768 -32768 -32768 -32768 -32768 -32768 -32768 -32768 -32768 -32768 -32768 -32768 -32768 -32768 -32768 -32768 -32768 -32768 -32768 -32768 -32768 1203 1348 1466 1450 1426 1354 1337 1288 1356 1261 1178 1128 1106 1183 1264 1264 1296 1276 1180 1015 1016 1022 1009 1009 969 869 805 791 814 760 680 648 630 607 583 558 536 524 515 505 500 496 494 491 492 496
-32768 -32768 -32768 -32768 -32768 -32768 -32768 -32768 -32768 -32768 -32768 -32768 -32768 -32768 -32768 -32768 -32768 -32768 -32768 -32768 -32768 -32768 -32768 -32768 -32768 -32768 -32768 -32768 -32768 -32768 -32768 -32768 -32768 -32768 -32768 -32768 -32768 -32768 -32768 -32768 -32768 -32768 -32768 1395 1325 1424 1333 1318 1348 1348 1228 1174 1108 1061 1058 1089 1139 1250 1270 1238 1085 931 913 965 1031 1029 923 885 842 906 797 701 677 650 621 591 563 541 522 511 501 494 491 486 485 488 494
-32768 -32768 -32768 -32768 -32768 -32768 -32768 -32768 -32768 -32768 -32768 -32768 -32768 -32768 -32768 -32768 -32768 -32768 -32768 -32768 -32768 -32768 -32768 -32768 -32768 -32768 -32768 -32768 -32768 -32768 -32768 -32768 -32768 -32768 -32768 -32768 -32768 -32768 -32768 -32768 -32768 -32768 -32768 -32768 1234 1239 1294 1440 1428 1398 1239 1166 1080 1025 978 977 1090 1144 1123 1220 1198 1037 873 871 1008 1044 961 910 899 945 789 735 697 670 630 595 562 539 519 505 494 487 483 482 481 486 491
-32768 -32768 -32768 -32768 -32768 -32768 -32768 -32768 -32768 -32768 -32768 -32768 -32768 -32768 -32768 -32768 -32768 -32768 -32768 -32768 -32768 -32768 -32768 -32768 -32768 -32768 -32768 -32768 -32768 -32768 -32768 -32768 -32768 -32768 -32768 -32768 -32768 -32768 -32768 -32768 -32768 -32768 -32768 -32768 -32768 1282 1376 1421 1482 1391 1293 1188 1074 1001 952 1064 1140 1188 1049 1051 1194 1118 979 844 850 977 980 914 843 938 819 725 704 673 627 587 554 532 513 500 489 483 478 477 478 482 488
-32768 -32768 -32768 -32768 -32768 -32768 -32768 -32768 -32768 -32768 -32768 -32768 -32768 -32768 -32768 -32768 -32768 -32768 -32768 -32768 -32768 -32768 -32768 -32768 -32768 -32768 -32768 -32768 -32768 -32768 -32768 -32768 -32768 -32768 -32768 -32768 -32768 -32768 -32768 -32768 -32768 -32768 -32768 -32768 -32768 -32768 1249 1299 1274 1254 1243 1254 1106 1005 930 899 1022 1256 1197 961 1098 1164 1053 873 789 794 905 882 800 789 830 708 678 649 604 569 541 520 502 490 480 476 471 472 474 478 484
-32768 -32768 -32768 -32768 -32768 -32768 -32768 -32768 -32768 -32768 -32768 -32768 -32768 -32768 -32768 -32768 -32768 -32768 -32768 -32768 -32768 -32768 -32768 -32768 -32768 -32768 -32768 -32768 -32768 -32768 -32768 -32768 -32768 -32768 -32768 -32768 -32768 -32768 -32768 -32768 -32768 -32768 -32768 -32768 -32768 -32768 1167 1246 1211 1172 1146 1125 1103 1084 973 890 912 1159 1267 1003 897 987 1015 890 789 765 824 951 810 726 743 681 656 599 565 541 520 503 489 479 472 468 465 466 468 473 479
-32768 -32768 -32768 -32768 -32768 -32768 -32768 -32768 -32768 -32768 -32768 -32768 -32768 -32768 -32768 -32768 -32768 -32768 -32768 -32768 -32768 -32768 -32768 -32768 -32768 -32768 -32768 -32768 -32768 -32768 -32768 -32768 -32768 -32768 -32768 -32768 -32768 -32768 -32768 -32768 -32768 -32768 -32768 -32768 -32768 -32768 -32768 -32768 1227 1172 1141 1085 1041 983 956 838 804 867 1010 979 830 826 909 847 780 757 865 869 757 670 653 617 583 550 529 514 498 486 473 466 460 457 455 458 461 467 473
