Lab10/future/bio1.asc
NCOLS 269 
NROWS 261 
XLLCORNER -125 
YLLCORNER 32.25 
CELLSIZE 0.0416666666666667 
NODATA_value -32768 
[rows 117 to 155 of 261, columns 88 to 175 of 269]
189 189 190 191 192 193 194 195 195 196 196 195 192 188 187 187 182 176 176 175 175 172 162 157 155 146 138 135 131 130 146 135 110 91 81 73 68 66 65 57 55 57 74 57 49 55 75 79 97 102 102 92 86 68 64 70 78 75 84 96 101 101 96 83 102 109 105 104 103 119 139 151 150 135 126 143 146 148 152 154 148 142 133 131 139 141 138 136
188 188 189 190 192 193 194 194 195 195 196 194 193 191 188 188 186 181 179 179 176 171 165 169 172 163 157 150 153 152 140 125 116 96 82 72 72 68 64 60 60 54 61 58 52 63 52 67 94 97 99 93 89 83 80 79 80 92 97 95 101 101 95 88 101 99 109 123 117 118 148 151 151 127 114 139 135 128 142 150 152 154 148 136 130 131 131 122
187 187 189 190 191 192 193 194 194 195 195 194 193 188 180 182 188 186 183 179 175 172 173 175 164 162 152 147 140 135 132 117 110 99 93 88 83 77 76 70 59 58 49 51 53 58 70 77 70 82 86 89 86 83 82 91 98 104 104 102 103 101 91 83 93 101 128 132 124 136 139 144 145 141 129 129 134 133 137 147 154 161 154 137 121 121 124 112
187 187 189 190 192 193 193 194 195 195 196 195 191 190 180 183 187 186 182 180 178 176 179 175 171 170 160 151 141 135 124 122 113 98 97 98 90 85 80 66 64 65 60 54 54 50 45 47 49 66 74 81 83 88 100 105 109 109 108 107 106 101 91 85 89 116 125 121 126 128 131 125 130 135 118 118 128 145 155 161 162 162 155 132 117 126 134 134
188 188 190 191 192 193 194 194 195 195 196 195 190 188 187 182 183 184 185 182 181 182 177 172 164 157 156 149 143 130 127 127 114 107 119 101 95 96 90 76 77 73 67 60 56 53 50 43 49 44 59 80 99 102 108 110 111 111 111 110 103 101 95 95 103 111 109 111 115 119 120 112 121 126 114 97 113 139 158 162 163 162 160 146 141 144 147 152
189 190 191 192 193 194 194 195 195 195 195 196 194 188 188 187 183 179 185 185 185 179 176 169 171 167 159 156 150 135 140 137 123 116 129 109 112 102 95 88 81 80 63 74 60 53 61 58 37 53 62 75 104 107 110 110 111 112 111 105 96 99 100 102 99 97 94 93 102 100 105 110 119 124 122 120 130 145 157 161 162 162 160 155 154 155 156 158
190 191 192 193 193 194 195 195 195 196 196 196 195 192 188 189 188 187 185 188 185 181 179 176 173 169 169 165 152 139 149 144 133 132 143 139 123 119 111 106 96 84 89 65 57 67 67 50 39 43 41 49 88 109 111 111 112 112 108 91 84 100 105 110 110 110 101 94 90 94 99 105 103 112 123 131 128 124 140 153 157 151 138 149 154 158 159 160
192 192 193 194 194 195 195 196 196 196 197 196 196 195 190 188 191 191 189 188 186 184 183 180 176 173 174 165 158 150 155 152 146 142 149 139 146 129 128 132 106 121 113 96 90 69 71 55 41 47 52 71 83 100 108 109 109 106 99 87 88 92 109 114 115 114 107 103 110 115 119 117 89 97 114 129 139 141 139 148 156 153 134 144 151 156 158 157
193 193 194 194 195 195 196 196 196 196 197 197 197 196 194 189 190 192 191 188 185 186 184 181 182 180 180 174 172 157 162 162 167 163 150 150 132 113 99 92 97 78 69 60 69 79 72 64 58 54 35 48 85 100 103 91 98 96 88 85 93 99 106 111 113 115 112 127 134 127 111 86 69 87 109 129 145 149 139 142 153 158 144 128 140 150 153 155
193 194 195 195 195 196 196 196 197 197 197 196 197 197 196 195 194 191 189 189 186 187 188 187 181 174 171 170 170 176 176 171 161 153 146 144 128 106 99 86 80 80 78 59 66 68 59 60 63 48 41 47 81 96 97 86 87 87 83 77 85 95 100 100 105 110 111 134 137 124 76 43 59 85 110 127 143 151 152 154 157 155 143 117 117 132 141 151
194 194 195 195 196 196 196 196 196 197 197 197 197 196 197 196 196 193 190 189 188 188 189 183 183 175 166 162 167 165 166 162 156 152 147 142 131 116 102 85 77 90 78 76 79 60 58 50 47 54 33 31 59 87 90 88 85 85 77 73 73 73 81 87 88 101 116 132 138 127 73 29 53 78 98 128 142 151 154 157 156 141 136 129 110 109 113 142
194 194 195 195 196 196 196 196 197 197 197 197 197 197 197 196 196 196 195 193 190 189 190 190 180 179 175 165 163 165 169 165 153 141 138 130 122 107 101 90 82 99 99 100 78 72 64 52 35 41 41 46 66 85 72 82 87 93 90 90 83 77 70 63 73 98 110 126 125 136 104 34 28 62 90 120 143 151 155 155 145 120 112 107 104 106 124 135
194 194 195 195 195 196 196 196 197 197 197 197 197 197 197 197 197 197 197 197 194 190 192 190 185 179 181 177 167 166 169 170 164 159 154 138 127 130 128 123 122 129 125 103 90 77 79 58 43 28 42 53 59 53 66 82 93 94 98 103 107 107 102 80 72 95 99 123 132 150 142 88 36 47 70 108 134 150 154 144 126 111 96 98 93 113 139 158
193 194 195 195 196 196 196 197 197 197 197 197 198 198 198 198 198 197 197 197 197 194 191 191 189 187 189 181 168 171 173 175 169 167 167 160 164 162 149 110 98 95 100 95 86 58 58 68 51 44 51 43 57 69 70 82 85 91 93 101 107 109 109 102 90 97 96 117 135 152 155 124 64 34 64 92 116 145 154 150 129 101 93 105 111 131 151 165
193 194 195 195 196 196 196 196 197 197 197 197 198 198 198 198 198 198 198 198 198 195 194 191 189 190 183 185 180 175 181 176 170 176 175 178 158 146 129 113 98 97 89 86 85 63 46 55 53 58 77 52 58 75 75 68 85 94 99 103 105 109 110 102 98 104 109 116 136 151 158 139 77 25 37 82 109 132 152 154 145 122 114 110 124 143 159 167
192 193 195 195 196 196 196 197 197 197 198 198 198 198 198 198 198 198 198 197 197 197 196 195 190 192 187 179 184 184 184 180 181 171 161 160 171 160 153 132 109 91 83 71 70 68 59 61 64 75 91 69 65 85 81 64 66 73 77 95 99 111 111 104 101 105 110 119 142 155 158 141 95 48 24 60 97 121 142 151 154 144 128 120 120 138 154 158
189 192 194 195 195 196 196 196 197 197 198 198 198 198 198 197 197 197 198 197 198 198 197 197 192 192 190 185 175 175 170 173 170 171 161 156 162 133 128 142 127 109 92 84 83 81 61 72 84 91 100 100 95 101 79 62 47 44 47 55 68 96 100 104 107 110 112 126 143 157 162 155 106 51 31 49 65 88 116 138 151 153 144 130 120 123 132 138
186 189 193 194 195 196 196 197 197 197 197 198 198 198 198 198 198 198 198 198 198 198 197 197 196 193 191 189 183 182 174 170 172 170 169 164 155 141 121 137 142 126 106 95 86 84 83 80 96 103 106 131 101 92 84 73 69 49 39 38 51 49 60 69 109 123 131 140 147 159 165 164 128 79 44 49 65 73 91 121 142 153 152 138 135 131 122 118
183 185 190 193 195 195 196 196 197 197 197 197 198 198 198 198 198 198 198 198 198 197 196 195 196 194 192 191 190 187 178 181 179 176 177 175 168 160 158 126 129 123 106 87 85 99 110 106 105 107 133 123 94 75 66 48 57 54 43 39 37 38 59 47 114 146 145 146 154 161 165 166 143 105 71 54 58 70 90 105 130 148 154 153 147 140 132 123
182 185 186 191 194 195 196 197 197 197 197 198 198 198 198 198 198 198 198 198 197 196 195 196 197 197 193 192 189 189 182 182 187 184 182 181 173 176 165 142 144 127 121 109 99 108 126 125 117 126 136 121 112 91 61 56 61 57 60 54 49 37 45 44 117 155 158 154 156 161 167 170 157 114 79 59 71 81 96 108 126 134 149 154 148 135 127 131
178 184 185 190 193 194 195 196 197 197 197 197 198 198 198 198 198 198 198 198 198 197 197 197 198 198 196 195 194 191 189 186 184 182 186 187 182 177 175 166 160 153 129 112 96 109 137 141 144 148 114 101 112 108 88 86 87 79 58 46 34 30 29 63 114 148 156 159 164 167 170 171 163 127 98 61 72 92 107 135 147 131 150 152 142 125 114 116
180 183 186 189 193 194 195 196 197 197 197 197 198 198 198 198 198 198 198 198 198 198 198 198 198 198 198 197 196 195 193 189 187 187 191 191 193 181 182 181 176 165 149 131 124 104 126 152 162 143 124 104 94 110 112 105 92 72 62 45 31 27 46 68 51 120 135 145 159 166 171 172 170 137 98 82 91 117 137 152 146 158 175 172 153 148 140 129
181 182 185 190 193 194 195 196 196 197 197 197 198 198 198 198 198 197 197 197 197 197 198 198 198 198 199 198 197 196 194 192 193 192 193 194 191 184 177 168 177 171 161 152 132 113 123 143 155 115 95 77 83 80 92 99 102 72 44 47 34 32 38 35 55 103 118 129 133 142 166 174 175 154 111 100 112 137 155 156 138 169 184 186 179 167 125 134
178 184 184 187 192 194 195 196 197 197 197 198 198 198 198 198 198 197 197 197 197 197 198 198 198 199 199 199 198 197 196 194 195 197 196 193 188 191 182 177 168 163 161 169 146 123 123 148 155 95 84 82 85 76 64 63 90 78 56 44 43 52 38 27 47 84 93 79 84 101 148 175 176 164 113 107 113 136 157 140 135 169 185 191 188 182 149 118
181 182 184 186 190 193 195 195 196 196 197 197 198 198 198 198 198 197 197 197 197 197 198 198 198 198 199 199 199 199 197 197 198 196 194 191 191 194 187 183 182 182 176 175 171 144 135 159 158 112 107 101 91 81 73 63 70 84 75 78 62 35 36 31 42 66 68 49 64 73 133 173 177 176 148 125 110 116 118 107 130 145 176 195 196 195 175 145
179 178 181 184 188 191 195 196 196 197 197 197 198 198 198 198 198 197 198 197 197 197 198 198 198 199 199 199 199 199 199 198 198 197 197 194 195 193 191 184 187 192 185 186 184 171 161 172 152 140 113 98 85 73 71 68 67 63 57 53 54 56 46 26 37 43 55 40 54 61 103 151 175 179 171 153 128 103 99 105 118 128 159 195 200 201 185 164
178 179 179 181 186 191 194 195 196 197 197 197 198 197 198 197 198 197 197 197 198 197 198 198 198 198 199 199 199 199 200 200 199 198 199 198 194 194 194 192 195 187 190 196 194 190 187 160 135 124 109 98 89 78 65 77 81 73 74 59 47 47 38 33 27 27 44 30 47 74 104 140 167 179 180 156 133 118 105 117 117 134 159 190 193 201 203 191
181 181 178 181 188 189 194 196 196 197 197 197 198 197 198 197 198 198 198 198 198 198 198 198 199 199 199 199 199 199 200 200 200 200 200 198 196 195 195 197 198 190 195 191 192 165 166 154 131 131 121 104 109 85 72 72 86 79 84 71 51 41 32 30 33 55 37 24 40 57 88 127 147 174 182 150 113 107 103 108 127 140 159 165 181 185 203 205
182 180 179 184 189 191 193 194 195 196 196 197 197 197 197 197 197 197 198 198 198 198 198 198 199 199 199 199 200 200 200 200 200 201 201 200 200 199 200 198 199 199 198 193 192 170 159 149 138 150 145 121 123 104 87 80 85 99 78 70 64 53 42 41 39 59 59 51 34 28 67 123 153 172 181 165 101 87 97 94 121 132 149 144 162 161 196 201
180 178 179 181 186 188 187 190 193 195 196 196 197 197 197 197 198 198 198 198 198 198 198 199 199 199 200 200 200 200 200 200 201 201 201 201 201 201 202 201 201 198 198 198 193 187 184 172 172 164 165 136 128 119 106 98 108 95 71 63 62 56 48 57 77 67 67 42 32 29 50 115 157 175 182 169 119 88 91 73 107 130 148 152 154 148 169 183
177 176 174 169 181 186 189 189 191 193 194 195 196 197 197 197 197 197 198 198 198 198 199 199 199 199 199 199 200 200 200 200 201 201 201 202 202 201 203 202 201 201 201 201 200 196 191 189 189 182 185 161 153 138 100 107 120 89 75 70 87 72 65 64 101 104 69 46 38 45 39 91 152 178 184 173 120 85 69 75 109 149 165 165 158 154 150 166
178 174 168 174 178 182 185 189 189 191 191 193 196 196 197 197 197 197 198 198 198 198 199 199 199 199 200 200 200 200 201 201 201 201 202 202 202 203 203 203 201 201 202 202 198 194 193 197 195 191 191 166 182 150 118 136 119 91 82 89 105 102 114 100 92 71 46 49 50 36 33 76 138 178 185 183 148 112 84 77 109 159 186 185 176 161 147 184
178 171 165 164 171 179 178 182 187 187 188 188 192 195 196 196 197 197 197 198 198 198 199 199 199 199 200 200 200 200 201 201 201 202 202 202 203 203 203 203 203 204 204 203 201 196 194 194 193 203 196 187 196 190 171 151 136 128 102 92 122 123 71 58 61 56 48 69 52 51 48 52 100 173 186 187 171 138 108 106 149 184 202 208 203 183 173 202
178 174 169 172 164 176 177 175 182 183 185 186 189 193 195 196 197 197 197 197 198 199 199 199 200 200 200 200 201 201 201 201 202 202 202 203 203 203 204 204 204 204 205 204 204 200 197 201 202 201 195 182 187 198 197 190 182 173 165 162 136 94 82 89 65 57 64 93 66 59 43 44 107 162 184 188 184 166 131 110 152 192 215 220 216 207 212 211
176 177 172 173 168 168 175 168 166 172 179 185 188 192 194 195 196 196 197 197 198 198 199 199 200 200 200 200 201 201 201 201 202 202 202 203 203 204 204 204 204 204 205 205 204 204 203 201 203 197 198 190 176 173 185 153 135 127 151 153 154 135 136 133 104 100 113 81 51 39 40 44 107 154 179 187 189 186 158 96 110 170 223 229 227 229 217 180
176 176 175 172 172 167 168 165 165 169 181 187 188 189 192 194 195 196 197 197 198 198 199 199 200 200 201 201 201 201 201 202 202 202 203 203 204 204 205 205 205 205 205 205 205 205 204 203 200 195 196 191 184 167 156 154 128 120 132 108 122 108 104 113 120 117 97 89 76 60 44 45 95 147 169 183 189 190 177 106 100 144 215 234 236 236 229 201
175 176 173 172 172 167 165 163 158 166 181 183 179 180 187 192 194 195 196 196 197 198 199 199 200 200 200 200 201 201 201 202 202 202 203 203 204 204 205 205 205 205 205 205 205 205 202 204 200 194 197 190 193 192 177 151 128 113 115 97 100 96 76 86 103 102 74 50 40 53 40 35 73 132 158 177 188 190 188 132 82 115 169 228 237 238 237 229
173 176 175 176 168 168 165 161 160 161 177 180 175 175 182 190 193 194 196 196 197 198 199 200 200 200 201 201 201 201 202 202 202 203 203 203 204 204 204 205 205 205 205 205 205 205 205 205 205 201 200 199 193 183 179 169 156 136 119 105 92 79 75 85 76 73 80 53 29 37 25 26 57 93 147 168 182 189 191 167 102 95 137 197 236 237 238 236
161 171 174 170 173 167 165 168 166 171 178 178 175 173 179 187 192 194 195 196 197 198 199 199 200 200 201 201 202 202 202 202 202 203 203 203 204 204 204 204 204 204 204 205 205 205 205 205 206 205 203 197 195 193 190 178 175 153 139 126 110 92 80 62 55 60 54 56 27 45 40 31 25 67 127 156 168 176 191 189 150 87 113 138 199 219 225 230
