Lab10/future/bio15.asc
NCOLS 269 
NROWS 261 
XLLCORNER -125 
YLLCORNER 32.25 
CELLSIZE 0.0416666666666667 
NODATA_value -32768 
[rows 0 to 42 of 261, columns 0 to 95 of 269]
-32768.000000000000000 -32768 -32768 -32768 -32768 -32768 -32768 -32768 -32768 -32768 -32768 -32768 -32768 74 75 75 76 76 76 76 77 78 78 79 79 80 80 79 79 79 78 79 80 81 80 80 79 77 76 76 75 75 74 73 72 72 72 72 72 72 72 71 71 70 70 71 70 69 70 71 72 72 72 72 72 72 72 72 72 72 71 71 71 71 71 71 70 70 68 68 67 65 64 63 62 61 59 58 56 55 54 52 51 50 49 48
-32768 -32768 -32768 -32768 -32768 -32768 -32768 -32768 -32768 -32768 -32768 -32768 -32768 75 75 76 76 77 77 77 77 78 79 79 79 80 80 80 79 79 80 81 80 81 81 80 79 78 77 76 75 75 74 73 73 72 72 72 72 72 72 71 70 69 70 69 70 71 71 72 72 72 72 72 72 72 72 72 71 71 71 71 71 71 71 71 70 69 68 67 66 65 64 63 61 60 59 58 56 55 54 52 51 50 49 48
-32768 -32768 -32768 -32768 -32768 -32768 -32768 -32768 -32768 -32768 -32768 -32768 -32768 75 75 76 77 77 77 77 77 78 79 79 79 80 80 80 79 79 81 81 80 80 80 79 78 78 77 76 75 74 74 73 73 72 71 72 72 71 71 70 70 71 70 70 70 71 71 71 72 72 71 71 72 72 72 72 71 71 71 71 71 71 70 70 69 69 68 67 66 65 64 62 61 60 59 58 57 56 54 53 52 50 50 50
-32768 -32768 -32768 -32768 -32768 -32768 -32768 -32768 -32768 -32768 -32768 -32768 75 75 76 76 77 77 77 78 78 78 79 79 80 80 80 80 80 80 81 80 79 80 80 79 78 77 77 76 75 75 74 73 73 72 72 72 71 71 70 69 71 71 70 69 70 71 71 72 72 72 71 71 72 72 72 71 71 71 71 71 71 71 70 69 69 68 68 66 66 65 63 62 60 60 59 58 58 57 55 54 52 50 50 50
-32768 -32768 -32768 -32768 -32768 -32768 -32768 -32768 -32768 -32768 -32768 -32768 75 75 76 76 77 77 78 78 78 78 79 79 80 80 80 79 80 80 81 80 79 79 78 79 79 78 77 77 76 75 74 74 73 72 72 71 71 70 71 71 70 71 71 71 71 72 72 72 71 71 71 71 72 72 72 71 71 71 70 69 70 70 70 69 69 68 67 66 65 64 63 62 60 60 59 58 58 57 55 54 52 50 49 49
-32768 -32768 -32768 -32768 -32768 -32768 -32768 -32768 -32768 -32768 -32768 75 75 76 76 77 77 78 78 78 79 79 79 80 80 79 79 78 79 80 80 79 79 80 80 80 79 78 78 77 76 75 75 74 74 73 72 72 71 70 71 71 71 71 72 72 72 72 72 71 71 71 72 72 72 72 72 71 71 70 70 70 70 70 69 69 68 67 67 66 65 64 63 61 60 59 59 58 57 56 55 53 51 50 50 49
-32768 -32768 -32768 -32768 -32768 -32768 -32768 -32768 -32768 -32768 74 75 75 76 77 77 77 78 78 78 79 79 79 80 79 79 78 79 80 80 80 79 79 80 80 79 78 78 77 76 76 76 75 74 74 73 73 72 72 71 70 70 72 72 72 71 71 72 72 71 70 70 71 72 72 72 71 71 71 71 70 70 70 70 69 68 68 67 66 65 64 63 62 61 60 59 58 57 56 55 54 52 51 50 49 49
-32768 -32768 -32768 -32768 -32768 -32768 -32768 -32768 -32768 -32768 75 75 75 76 76 77 77 78 78 78 79 79 79 80 79 79 79 80 79 79 80 80 80 80 80 79 79 77 77 77 76 76 75 74 74 73 73 72 72 72 72 71 71 72 71 70 70 70 71 71 70 70 71 72 72 71 71 71 71 71 70 70 70 69 69 68 68 67 65 65 64 63 62 61 60 58 57 57 56 55 53 52 51 50 49 49
-32768 -32768 -32768 -32768 -32768 -32768 -32768 -32768 -32768 -32768 -32768 74 75 76 77 77 78 78 78 79 79 79 80 79 79 79 79 79 80 79 79 79 80 80 80 80 78 78 78 78 77 76 75 74 74 73 73 73 72 73 72 72 72 71 70 69 69 70 71 71 70 70 70 71 71 71 71 71 71 70 69 69 69 69 68 68 67 66 65 64 63 63 62 60 59 58 57 56 55 54 53 52 51 50 49 48
-32768 -32768 -32768 -32768 -32768 -32768 -32768 -32768 -32768 -32768 -32768 75 75 76 77 77 78 78 78 79 79 79 80 80 79 79 81 81 80 80 79 78 79 79 78 80 80 79 79 78 76 76 75 74 74 73 73 73 73 72 71 70 70 70 69 69 69 70 70 70 70 70 70 70 71 71 71 71 71 70 69 69 68 68 68 67 66 66 65 64 63 62 61 60 59 57 57 56 55 53 52 52 50 49 49 48
-32768 -32768 -32768 -32768 -32768 -32768 -32768 -32768 -32768 -32768 -32768 -32768 -32768 76 77 78 78 78 78 79 78 79 80 79 80 81 81 80 81 81 81 80 80 80 79 80 79 79 79 78 77 75 74 74 74 73 73 72 72 71 70 69 70 69 68 69 67 69 70 71 70 69 70 70 70 71 71 70 70 70 68 68 68 68 67 67 66 65 64 64 63 62 61 60 58 57 56 55 54 53 52 51 50 49 49 48
-32768 -32768 -32768 -32768 -32768 -32768 -32768 -32768 -32768 -32768 -32768 -32768 -32768 -32768 77 78 78 78 79 79 79 80 80 80 80 80 80 79 78 80 82 82 81 81 81 81 81 80 80 78 77 76 75 75 74 73 73 72 72 71 71 69 68 68 68 67 69 70 71 71 70 69 70 71 71 71 70 70 70 69 68 68 68 67 66 66 65 65 64 63 62 61 60 59 58 57 56 55 53 52 52 51 50 50 49 48
-32768 -32768 -32768 -32768 -32768 -32768 -32768 -32768 -32768 -32768 -32768 -32768 -32768 -32768 77 77 78 78 79 79 79 80 80 80 80 80 79 78 78 79 81 81 79 81 81 80 80 80 80 78 77 75 75 75 74 73 73 72 71 70 70 68 67 68 67 67 67 68 70 70 69 69 70 71 71 70 70 70 69 69 68 67 67 66 66 66 65 64 63 63 61 60 59 58 57 56 55 54 53 52 52 50 49 49 48 48
-32768 -32768 -32768 -32768 -32768 -32768 -32768 -32768 -32768 -32768 -32768 -32768 -32768 -32768 77 77 78 78 79 79 80 80 80 81 81 79 79 80 80 79 79 80 81 82 82 81 81 81 81 79 78 76 76 76 75 74 73 72 71 70 68 68 67 67 67 67 67 67 68 68 68 68 69 70 70 70 69 69 69 69 68 67 67 66 65 65 65 64 62 62 61 60 59 58 57 56 54 53 52 51 50 49 48 47 47 47
-32768 -32768 -32768 -32768 -32768 -32768 -32768 -32768 -32768 -32768 -32768 -32768 -32768 -32768 77 77 78 79 79 79 80 80 80 81 81 80 80 81 80 79 79 80 82 82 81 82 82 82 81 80 78 76 76 77 75 73 72 72 70 69 68 68 67 66 67 67 67 69 68 68 67 67 69 70 70 70 69 69 68 68 67 67 66 66 65 65 64 63 62 61 60 60 59 58 57 55 54 52 51 50 49 48 48 46 46 46
-32768 -32768 -32768 -32768 -32768 -32768 -32768 -32768 -32768 -32768 -32768 -32768 -32768 76 77 77 78 79 79 79 80 80 81 81 81 81 82 82 81 81 79 80 82 80 81 83 83 82 82 81 79 77 76 77 76 74 73 72 71 69 68 68 67 66 65 64 65 66 69 70 68 68 69 70 70 69 69 69 68 68 67 66 66 65 64 64 63 62 61 60 59 59 59 58 56 54 53 51 50 49 49 48 46 46 46 45
-32768 -32768 -32768 -32768 -32768 -32768 -32768 -32768 -32768 -32768 -32768 -32768 -32768 76 77 78 79 79 79 79 80 79 80 81 81 81 81 82 80 80 80 82 80 79 82 84 83 83 82 82 81 80 77 78 77 75 74 73 71 70 69 67 66 65 64 64 63 63 66 70 70 69 70 70 68 69 69 69 68 68 67 66 66 65 64 63 62 61 60 59 58 57 57 57 55 54 52 51 50 48 48 47 46 45 45 45
-32768 -32768 -32768 -32768 -32768 -32768 -32768 -32768 -32768 -32768 -32768 -32768 -32768 77 77 78 79 79 79 79 80 80 81 81 82 82 83 83 81 82 82 81 80 82 83 84 84 84 83 83 82 78 78 77 78 75 73 72 71 70 68 67 65 64 63 65 64 63 65 67 69 69 70 70 70 69 68 68 67 67 66 66 65 64 64 63 61 61 59 58 58 56 56 54 53 52 52 50 49 48 48 48 47 46 45 44
-32768 -32768 -32768 -32768 -32768 -32768 -32768 -32768 -32768 -32768 -32768 -32768 -32768 77 77 78 79 79 80 79 79 81 80 81 82 81 81 82 82 84 82 80 80 84 85 84 84 84 83 83 82 79 77 76 77 75 73 72 70 70 69 67 65 65 65 64 67 65 65 65 67 69 70 70 69 68 68 67 66 65 65 65 64 64 63 62 62 60 59 58 57 55 54 54 52 51 51 50 49 48 48 47 46 46 45 44
-32768 -32768 -32768 -32768 -32768 -32768 -32768 -32768 -32768 -32768 -32768 -32768 -32768 77 77 78 79 79 80 80 80 81 81 82 82 81 80 80 82 84 83 80 83 85 85 84 82 80 80 82 81 82 81 77 75 74 73 72 70 69 68 67 65 64 69 68 66 69 70 70 70 69 70 70 69 68 67 67 65 65 64 65 64 63 63 62 61 59 58 58 57 55 54 53 52 51 49 49 49 48 47 46 45 45 45 45
-32768 -32768 -32768 -32768 -32768 -32768 -32768 -32768 -32768 -32768 -32768 -32768 -32768 -32768 77 78 78 79 80 80 81 81 81 82 82 83 83 82 81 83 83 85 85 86 86 85 84 82 79 78 79 83 82 80 77 74 73 71 70 68 66 65 64 62 65 69 70 70 70 70 70 70 70 69 68 67 67 67 66 65 63 64 63 62 62 61 61 58 57 56 56 55 53 52 51 49 48 47 47 46 46 46 45 45 45 45
-32768 -32768 -32768 -32768 -32768 -32768 -32768 -32768 -32768 -32768 -32768 -32768 -32768 -32768 77 78 79 79 80 81 80 81 82 82 81 82 83 82 80 80 84 85 86 86 85 85 81 80 78 80 82 84 79 80 77 76 75 72 71 70 70 67 64 63 60 63 66 66 68 70 70 70 70 70 68 68 66 65 65 65 64 63 62 62 61 60 59 59 57 55 53 54 52 51 50 48 47 46 46 46 45 45 44 44 45 45
-32768 -32768 -32768 -32768 -32768 -32768 -32768 -32768 -32768 -32768 -32768 -32768 -32768 -32768 -32768 78 79 79 80 81 80 81 82 82 80 82 82 82 80 83 84 85 87 85 84 83 80 78 77 81 82 83 80 77 75 75 74 72 70 70 71 71 69 67 65 61 61 64 69 69 69 69 69 69 67 67 66 65 64 64 64 63 62 61 60 60 59 59 59 57 54 53 51 50 49 47 46 45 45 45 44 44 44 44 44 44
-32768 -32768 -32768 -32768 -32768 -32768 -32768 -32768 -32768 -32768 -32768 -32768 -32768 -32768 -32768 78 79 79 80 80 80 81 82 83 82 80 82 81 81 81 83 86 87 87 87 86 83 82 79 79 77 78 79 76 75 75 75 73 71 70 70 70 71 70 69 68 65 63 64 68 69 68 68 67 66 66 66 65 64 63 63 63 62 61 60 60 59 59 60 57 54 50 49 49 47 46 45 44 44 44 43 43 44 44 43 44
-32768 -32768 -32768 -32768 -32768 -32768 -32768 -32768 -32768 -32768 -32768 -32768 -32768 -32768 -32768 77 78 79 79 79 81 82 82 83 83 82 82 82 82 83 85 87 87 87 87 85 83 80 77 76 75 76 77 76 76 77 75 73 72 71 71 71 71 71 70 70 69 66 66 66 68 68 66 65 66 66 65 64 63 62 62 60 58 59 60 59 58 58 58 56 50 49 47 47 46 45 44 45 44 43 42 43 43 43 43 44
-32768 -32768 -32768 -32768 -32768 -32768 -32768 -32768 -32768 -32768 -32768 -32768 -32768 -32768 -32768 -32768 77 78 78 79 81 81 82 83 83 83 83 82 82 83 86 87 87 87 82 83 80 80 77 76 76 77 77 78 77 77 74 73 73 72 72 71 71 71 70 70 69 69 68 68 68 67 66 65 65 65 64 63 63 62 61 59 56 56 58 58 58 56 54 53 52 49 47 45 44 43 43 44 45 43 42 42 43 43 43 43
-32768 -32768 -32768 -32768 -32768 -32768 -32768 -32768 -32768 -32768 -32768 -32768 -32768 -32768 -32768 -32768 -32768 77 78 79 80 81 82 83 83 83 83 82 82 85 86 86 85 84 79 79 77 77 77 76 76 76 75 77 79 77 75 74 73 72 71 71 71 70 70 68 67 67 68 67 66 65 65 64 64 64 63 63 62 61 60 59 56 56 57 57 56 56 54 52 51 49 47 44 43 42 42 42 43 44 42 42 42 42 43 43
-32768 -32768 -32768 -32768 -32768 -32768 -32768 -32768 -32768 -32768 -32768 -32768 -32768 -32768 -32768 -32768 -32768 -32768 -32768 79 80 82 82 83 83 84 84 83 83 83 85 85 82 83 80 78 79 78 78 77 76 76 77 78 77 75 75 73 73 72 72 71 71 70 69 69 67 66 66 66 65 65 64 64 64 64 63 63 60 59 58 58 57 56 56 56 55 54 53 51 50 48 45 43 41 41 41 41 41 41 42 42 42 42 42 42
-32768 -32768 -32768 -32768 -32768 -32768 -32768 -32768 -32768 -32768 -32768 -32768 -32768 -32768 -32768 -32768 -32768 -32768 -32768 78 79 81 82 83 83 83 83 84 84 85 85 83 79 80 79 79 84 80 79 82 77 77 76 75 75 74 74 73 72 72 72 71 71 70 69 69 68 67 67 66 66 66 65 64 63 62 61 61 59 58 57 56 55 55 54 53 53 53 52 51 49 47 44 43 41 41 41 41 41 41 41 42 42 42 42 42
-32768 -32768 -32768 -32768 -32768 -32768 -32768 -32768 -32768 -32768 -32768 -32768 -32768 -32768 -32768 -32768 -32768 -32768 -32768 77 78 81 82 83 83 83 83 85 85 85 83 81 78 78 79 81 84 86 83 81 81 81 78 76 78 77 77 74 73 72 72 72 72 70 70 69 68 67 68 67 67 66 66 64 63 62 62 60 58 57 56 55 54 54 53 51 52 51 51 50 47 46 44 44 42 42 41 42 41 41 41 42 42 43 42 42
-32768 -32768 -32768 -32768 -32768 -32768 -32768 -32768 -32768 -32768 -32768 -32768 -32768 -32768 -32768 -32768 -32768 -32768 77 77 78 80 82 82 83 84 84 85 85 85 84 81 79 78 80 83 83 84 86 82 86 84 84 84 82 78 78 79 76 76 76 74 73 72 71 71 68 68 68 66 67 66 65 63 62 62 61 60 57 56 54 54 53 53 52 51 50 51 49 48 46 46 44 44 43 42 42 42 42 41 42 42 42 43 42 42
-32768 -32768 -32768 -32768 -32768 -32768 -32768 -32768 -32768 -32768 -32768 -32768 -32768 -32768 -32768 -32768 -32768 -32768 77 77 79 80 82 83 83 84 83 82 84 82 81 80 81 79 79 79 79 83 88 88 86 82 82 82 81 82 79 81 79 76 76 76 74 70 69 71 69 70 67 67 68 68 66 64 62 62 62 61 60 56 53 53 53 52 51 50 49 50 50 47 46 45 45 44 44 43 43 42 43 42 42 42 42 43 43 43
-32768 -32768 -32768 -32768 -32768 -32768 -32768 -32768 -32768 -32768 -32768 -32768 -32768 -32768 -32768 -32768 -32768 -32768 77 78 79 81 82 82 83 84 83 83 83 81 81 80 82 80 82 80 82 85 88 87 86 82 80 77 76 76 79 81 76 74 73 72 71 70 71 69 70 71 70 69 69 68 65 65 63 61 60 60 59 56 53 52 52 52 51 51 50 49 49 48 46 45 45 45 44 44 44 44 43 42 42 42 43 43 43 43
-32768 -32768 -32768 -32768 -32768 -32768 -32768 -32768 -32768 -32768 -32768 -32768 -32768 -32768 -32768 -32768 -32768 -32768 -32768 78 80 81 82 83 83 84 84 84 82 81 82 80 81 83 84 86 86 87 85 86 84 79 79 75 75 75 74 80 79 75 72 71 71 70 69 71 73 72 72 71 70 69 69 68 65 61 62 61 59 57 55 54 53 52 52 52 52 50 49 48 47 46 45 44 45 45 44 44 44 44 43 43 43 43 43 43
-32768 -32768 -32768 -32768 -32768 -32768 -32768 -32768 -32768 -32768 -32768 -32768 -32768 -32768 -32768 -32768 -32768 -32768 -32768 -32768 81 81 82 83 83 83 84 84 84 84 81 79 80 80 80 85 85 87 84 85 81 76 76 75 76 81 79 77 74 73 73 74 73 70 69 71 72 71 72 73 71 71 70 70 65 61 62 60 59 57 56 55 54 54 53 53 52 50 49 48 47 47 46 45 45 46 45 45 45 45 45 44 44 43 43 44
-32768 -32768 -32768 -32768 -32768 -32768 -32768 -32768 -32768 -32768 -32768 -32768 -32768 -32768 -32768 -32768 -32768 -32768 -32768 -32768 81 81 82 83 83 83 84 84 85 83 81 79 80 84 82 84 86 87 84 80 82 78 75 75 78 81 78 78 80 79 79 77 75 73 71 69 69 70 72 73 73 72 72 71 66 62 62 60 59 58 57 56 56 55 54 54 53 51 50 49 50 51 49 48 46 46 46 46 46 46 46 45 44 44 44 44
-32768 -32768 -32768 -32768 -32768 -32768 -32768 -32768 -32768 -32768 -32768 -32768 -32768 -32768 -32768 -32768 -32768 -32768 -32768 -32768 -32768 81 82 82 83 83 83 82 81 83 80 80 83 85 82 87 86 85 82 77 77 78 75 75 76 75 73 75 81 79 80 80 76 75 71 69 68 68 70 74 74 74 73 72 70 66 62 61 60 59 58 58 57 56 55 54 53 52 51 51 52 52 52 51 48 46 47 47 47 47 46 45 44 44 44 44
-32768 -32768 -32768 -32768 -32768 -32768 -32768 -32768 -32768 -32768 -32768 -32768 -32768 -32768 -32768 -32768 -32768 -32768 -32768 -32768 -32768 81 81 82 83 83 83 83 83 81 81 80 82 83 86 87 83 83 80 76 76 76 75 75 75 74 74 75 79 81 81 81 79 73 71 70 68 69 73 75 74 74 74 73 71 69 65 62 61 60 59 59 58 57 56 55 54 54 53 52 52 52 51 51 48 47 48 48 48 48 47 46 45 45 44 44
-32768 -32768 -32768 -32768 -32768 -32768 -32768 -32768 -32768 -32768 -32768 -32768 -32768 -32768 -32768 -32768 -32768 -32768 -32768 -32768 -32768 -32768 81 82 82 83 82 83 84 82 82 82 82 84 84 87 84 79 78 77 77 80 77 77 75 74 74 75 76 80 82 81 76 71 70 70 69 69 71 75 75 75 74 73 69 67 65 63 62 61 60 59 59 58 57 56 55 54 53 53 52 51 50 49 49 48 50 50 49 48 47 46 46 45 45 45
-32768 -32768 -32768 -32768 -32768 -32768 -32768 -32768 -32768 -32768 -32768 -32768 -32768 -32768 -32768 -32768 -32768 -32768 -32768 -32768 -32768 -32768 82 82 82 83 84 83 84 84 84 83 81 83 85 87 85 80 79 81 79 83 79 77 75 75 74 74 74 74 81 81 77 73 70 70 69 69 71 71 74 75 73 71 67 65 64 63 62 62 61 60 59 59 58 58 57 57 56 55 53 52 52 51 50 51 52 51 50 49 48 47 46 46 46 46
-32768 -32768 -32768 -32768 -32768 -32768 -32768 -32768 -32768 -32768 -32768 -32768 -32768 -32768 -32768 -32768 -32768 -32768 -32768 -32768 -32768 -32768 81 82 83 83 83 84 84 83 83 83 82 81 82 86 86 83 84 85 84 80 76 76 76 77 75 74 74 74 78 80 74 73 71 70 70 69 69 69 70 74 71 70 67 65 65 65 63 62 62 61 61 60 61 60 59 59 59 58 57 56 54 53 53 52 52 51 51 50 49 48 46 46 46 47
-32768 -32768 -32768 -32768 -32768 -32768 -32768 -32768 -32768 -32768 -32768 -32768 -32768 -32768 -32768 -32768 -32768 -32768 -32768 -32768 -32768 -32768 81 82 83 83 84 83 83 81 83 83 82 83 82 86 87 86 86 82 79 77 76 77 76 77 75 74 74 74 76 78 76 73 72 71 71 70 69 69 69 71 71 71 68 65 66 66 64 63 64 66 67 66 64 60 60 62 61 61 60 60 58 56 56 55 53 53 52 51 50 49 48 47 46 47
-32768 -32768 -32768 -32768 -32768 -32768 -32768 -32768 -32768 -32768 -32768 -32768 -32768 -32768 -32768 -32768 -32768 -32768 -32768 -32768 -32768 -32768 81 81 83 83 83 84 83 82 84 82 84 85 85 86 85 85 86 82 78 77 76 80 79 76 78 76 74 74 75 75 75 73 73 72 71 70 69 69 68 69 72 72 71 67 65 65 64 65 68 71 72 71 63 61 61 63 63 62 62 63 62 58 57 56 55 54 53 52 51 50 50 49 48 48
