Lab10/future/bio16.asc
NCOLS 269 
NROWS 261 
XLLCORNER -125 
YLLCORNER 32.25 
CELLSIZE 0.0416666666666667 
NODATA_value -32768 
[rows 80 to 119 of 261, columns 90 to 179 of 269]
724 757 776 774 766 766 760 746 715 696 689 661 633 619 609 567 498 445 420 418 335 301 277 253 229 215 199 193 166 163 235 181 150 156 111 112 98 96 94 91 86 109 168 115 79 76 73 70 67 84 69 62 57 55 54 54 52 50 48 46 45 43 43 43 43 43 45 46 46 47 47 48 61 67 54 49 47 48 48 49 51 55 60 71 82 79 75 82 88 85
796 794 775 796 798 797 798 780 768 724 718 680 663 644 616 595 565 494 450 400 356 321 293 267 243 243 285 216 173 167 206 152 130 124 118 104 103 95 98 90 84 99 144 120 80 73 73 69 66 77 70 58 55 53 51 50 49 47 46 45 44 42 42 42 43 43 44 45 45 45 46 52 72 54 48 46 47 48 48 50 53 60 69 79 93 86 75 73 73 79
756 776 803 821 829 830 831 834 807 787 757 728 697 663 643 615 584 532 483 421 378 343 312 285 258 275 334 269 206 165 152 143 120 116 109 101 99 93 97 116 88 102 146 140 82 73 72 69 66 70 61 56 54 54 51 49 47 45 45 45 43 42 42 42 43 43 44 45 45 45 47 57 68 50 45 45 46 48 49 53 59 70 94 98 88 74 69 69 71 79
809 820 834 853 863 872 874 877 859 825 827 822 757 692 674 647 618 590 547 454 404 383 369 360 288 299 366 321 246 178 156 149 122 112 113 112 96 92 95 125 130 128 162 107 75 70 69 66 63 60 57 54 53 53 49 47 44 44 45 44 42 42 42 42 43 43 44 45 45 45 49 61 70 51 45 45 46 49 56 65 67 75 93 83 69 67 67 68 71 85
863 861 886 901 904 911 915 911 903 894 903 903 806 730 693 703 644 614 585 513 432 399 419 413 369 353 358 417 299 226 238 260 165 125 114 101 96 92 93 94 102 97 96 83 77 68 66 64 61 57 55 52 49 47 47 45 44 44 44 43 42 42 42 42 43 43 44 45 45 46 51 65 82 53 45 45 48 53 70 88 92 95 89 69 64 64 67 68 72 85
929 937 927 952 954 956 949 951 944 948 939 929 914 863 824 760 693 641 610 582 505 454 439 449 429 420 360 387 300 248 256 256 193 136 111 102 97 95 100 91 83 79 75 74 76 85 68 62 59 56 52 49 48 46 45 44 44 43 42 41 42 42 42 42 43 43 43 45 45 57 75 80 77 49 46 47 49 54 74 106 108 81 67 63 63 63 66 70 76 82
965 961 963 975 971 978 969 972 974 977 953 965 868 848 788 756 727 667 634 606 575 544 500 468 446 430 362 341 339 233 179 159 142 125 113 104 98 98 93 87 105 97 77 74 92 105 77 64 57 59 55 50 47 45 45 43 43 42 42 41 42 42 42 43 43 43 44 46 49 66 84 79 63 49 47 48 51 57 73 117 103 72 62 62 63 66 72 89 90 82
986 983 936 990 992 1003 1003 1006 1011 1012 1011 996 967 921 827 768 731 708 654 627 599 571 537 499 455 420 365 325 369 303 244 255 198 146 119 108 101 109 100 92 110 112 107 94 87 101 102 78 56 52 50 49 47 46 44 42 44 43 42 42 42 42 42 43 43 43 45 51 55 66 76 70 56 48 47 52 59 68 75 83 83 66 63 66 67 74 93 96 84 79
956 969 884 874 929 999 1001 995 993 997 998 1007 1001 930 883 817 753 713 677 644 617 597 564 526 483 437 370 323 341 276 372 404 334 208 130 113 105 115 131 105 97 111 132 125 85 69 66 62 53 50 48 48 47 47 45 42 43 42 42 41 41 42 42 43 43 44 49 55 57 64 65 60 54 48 48 58 68 73 70 72 68 64 70 88 78 83 104 83 78 77
807 958 893 830 860 918 982 1012 1017 1048 1036 1001 1028 994 877 789 751 725 710 669 635 612 583 545 503 440 389 338 339 304 388 452 366 252 157 123 110 149 148 138 125 146 104 77 68 63 59 55 52 50 48 48 50 52 51 45 43 42 42 42 41 41 42 44 45 44 47 53 57 54 53 53 50 47 48 59 70 69 63 68 60 62 73 105 103 89 85 78 75 74
763 820 794 852 895 943 931 950 951 971 927 953 953 1013 977 952 866 779 719 681 656 627 596 563 523 472 404 371 348 353 398 472 399 247 164 137 129 153 181 153 145 100 77 70 66 63 64 58 51 49 47 47 47 48 50 45 43 42 42 42 42 42 42 43 43 43 46 55 58 54 48 47 46 47 47 51 63 63 62 61 57 61 72 113 107 89 84 77 72 73
720 697 754 793 854 892 925 968 987 1003 1032 1044 1073 1043 1033 955 884 818 766 730 684 645 614 582 541 492 430 402 408 429 460 475 423 265 154 148 169 214 174 115 89 79 74 70 66 62 65 56 51 49 48 46 46 46 48 47 44 41 42 42 42 42 42 46 43 43 44 45 47 50 46 46 46 48 48 50 58 55 54 55 57 64 70 91 101 95 88 74 70 70
664 685 761 810 871 902 932 957 934 999 999 995 1042 1071 1036 915 865 825 784 740 713 673 630 599 560 519 483 451 441 439 419 376 383 220 154 140 183 187 125 106 87 80 78 82 68 62 58 54 51 49 49 46 46 48 49 48 46 43 43 42 45 43 42 43 48 44 43 43 46 52 47 46 47 52 55 51 53 54 54 57 64 64 67 84 90 85 86 71 69 69
656 680 750 831 866 896 914 905 879 923 928 1010 955 963 1027 947 856 831 778 757 724 689 647 620 575 539 533 468 397 356 310 296 352 240 166 154 166 137 106 94 87 87 126 107 86 72 59 54 53 58 76 56 51 55 52 50 48 54 56 50 46 44 43 45 53 54 44 44 49 58 47 45 50 62 74 66 62 58 60 65 73 67 67 78 89 83 73 71 69 74
667 683 718 804 831 868 859 830 829 853 909 855 806 913 936 934 921 862 832 768 741 700 662 633 588 553 508 455 399 352 311 293 420 355 187 143 130 117 113 112 99 136 194 130 114 88 60 54 51 54 52 50 48 52 59 56 57 59 58 51 43 47 50 50 51 60 54 49 58 57 48 49 53 69 75 74 69 64 66 71 78 74 71 80 83 78 72 72 75 89
615 654 696 765 767 770 798 797 817 787 882 939 967 975 995 954 936 867 832 792 755 707 671 638 610 561 513 458 403 353 311 310 425 375 205 148 133 127 136 150 120 159 211 144 138 98 63 56 51 49 46 47 47 47 48 48 51 55 55 50 44 43 45 51 55 58 62 60 67 66 53 51 58 65 63 68 68 64 65 69 72 73 76 78 76 74 73 75 84 99
550 603 644 686 716 737 751 747 759 793 863 905 958 907 871 939 934 889 847 802 753 710 680 649 625 575 511 458 405 354 310 321 369 250 184 143 130 143 176 181 154 170 193 132 108 78 73 59 52 49 46 46 46 49 46 46 49 52 56 52 50 45 45 48 51 56 57 59 67 74 56 54 63 68 63 65 62 64 67 69 69 68 70 75 74 74 76 82 98 99
539 587 635 635 656 703 739 735 713 736 806 872 852 761 860 934 925 852 842 799 737 711 675 658 639 612 519 462 410 360 317 356 452 298 162 135 134 134 155 169 202 195 220 117 93 99 74 67 54 50 47 46 46 49 51 50 48 49 52 53 57 54 49 49 48 51 53 57 62 71 63 62 62 66 64 67 61 60 62 63 64 63 63 76 75 75 77 89 105 94
484 543 584 613 650 673 714 667 716 771 773 724 690 755 796 841 859 844 840 767 773 733 696 656 627 612 546 468 417 371 332 353 459 270 147 130 123 130 133 148 181 183 235 124 96 100 74 72 58 51 49 46 48 52 55 55 50 48 49 52 53 50 49 52 51 52 57 64 59 61 63 62 60 57 64 67 60 59 59 64 65 58 62 80 79 75 78 86 103 90
467 517 564 592 642 666 632 646 710 687 685 776 790 713 816 852 854 871 806 787 766 732 702 686 640 636 637 525 429 387 350 342 418 263 152 134 127 126 129 134 146 165 221 168 81 74 68 76 72 53 51 51 52 57 56 64 60 48 47 47 47 47 47 48 49 50 56 61 55 51 50 50 50 50 61 62 59 58 55 59 62 56 74 87 79 76 75 83 90 86
421 458 535 579 607 574 585 612 680 697 756 799 824 852 808 798 828 809 810 806 767 732 709 691 693 655 649 559 450 407 371 422 509 262 166 147 137 135 135 140 160 210 218 151 79 74 70 82 76 56 53 51 52 55 59 79 86 59 48 47 47 48 50 52 50 49 53 56 50 48 46 46 45 49 53 55 58 57 54 53 54 59 79 91 81 74 73 78 88 86
405 434 479 529 541 581 612 626 656 721 748 785 805 865 893 874 843 850 839 795 757 723 704 705 696 686 671 634 493 442 399 467 525 350 187 164 153 144 151 162 169 253 248 149 83 78 75 79 81 60 56 54 53 54 56 61 75 87 55 47 47 51 58 60 58 53 51 54 50 46 46 47 49 50 49 53 57 55 53 53 58 65 77 81 76 73 72 80 96 90
415 431 456 494 503 561 552 579 636 659 694 721 748 797 842 863 864 819 820 781 754 717 700 687 682 701 680 641 569 462 485 548 557 506 262 182 176 173 179 220 227 293 250 137 88 82 77 74 81 64 60 56 54 55 58 60 66 71 60 48 47 52 58 65 63 58 57 56 52 50 48 49 49 49 48 52 53 53 52 54 66 81 82 77 75 71 72 78 88 92
386 398 425 439 515 552 504 510 540 611 658 649 719 773 742 771 779 810 813 791 769 737 716 704 681 669 635 604 613 536 592 574 533 522 336 214 210 200 213 206 258 327 281 207 102 86 81 77 74 71 64 61 58 60 64 67 71 116 70 52 47 49 56 62 64 66 67 60 58 53 51 52 52 49 50 53 53 55 54 58 70 84 89 78 73 70 73 80 88 95
371 385 402 436 449 487 507 548 566 581 599 618 671 705 748 783 772 768 755 739 727 709 677 656 643 640 620 637 663 607 604 515 506 455 302 262 242 230 245 237 222 201 204 151 104 92 86 83 82 79 70 66 62 58 57 61 68 111 96 57 47 47 52 62 60 62 63 62 69 59 57 60 63 55 53 54 55 57 60 65 69 75 81 77 72 70 74 83 101 98
353 370 386 404 445 510 542 522 553 579 608 637 673 705 736 770 784 785 788 782 757 745 714 689 642 650 663 660 670 649 616 526 562 513 345 293 314 347 292 294 189 142 122 115 121 117 93 95 97 102 90 76 67 65 58 58 66 93 71 52 47 47 51 62 64 66 66 67 68 71 65 70 72 63 59 62 58 59 62 63 67 67 71 73 69 70 75 85 100 99
345 352 371 403 462 509 535 545 558 578 587 612 654 667 683 742 777 802 809 797 783 763 731 714 674 638 652 690 680 657 626 571 559 454 346 306 328 364 366 362 226 142 128 129 150 153 104 99 112 164 132 100 77 70 62 61 65 91 67 52 47 47 51 62 76 78 75 77 70 74 75 75 76 75 74 64 60 61 60 62 64 65 68 71 67 70 75 84 96 91
340 344 361 394 421 484 507 536 546 574 568 590 587 597 646 692 742 789 812 803 789 765 746 746 722 699 703 691 683 645 630 604 573 500 403 414 324 352 354 324 208 156 139 142 158 181 140 112 120 155 183 171 97 72 66 63 70 101 88 59 48 49 50 55 63 70 76 75 78 75 74 79 80 83 81 70 67 64 62 64 66 68 69 70 68 69 72 78 83 83
335 345 356 372 389 430 485 496 511 545 559 570 574 596 631 710 759 789 804 798 786 768 744 737 729 715 723 715 684 618 626 607 564 544 504 425 409 327 306 316 242 186 152 161 189 203 209 156 123 140 161 167 109 75 71 72 79 108 141 94 55 49 49 49 53 55 58 63 73 66 69 64 68 67 72 73 76 77 66 65 71 74 74 73 69 68 69 75 78 80
333 342 342 355 377 405 451 460 497 527 558 563 571 616 691 728 767 787 790 787 781 766 754 736 705 719 705 694 646 566 574 572 560 548 526 502 478 403 336 320 286 217 165 195 246 240 217 177 140 144 181 182 119 88 76 72 74 121 191 189 86 51 49 49 51 53 53 54 57 54 53 56 56 57 64 75 81 85 73 69 73 83 83 77 72 68 67 70 70 75
326 331 331 342 359 376 403 427 458 531 553 558 567 599 670 708 740 768 792 800 788 768 753 723 703 678 663 658 574 642 631 587 560 558 531 521 467 440 361 366 356 235 185 190 258 277 292 237 156 151 204 198 144 121 87 76 78 140 183 131 85 59 52 52 53 54 59 63 57 55 57 57 56 55 54 68 77 88 80 72 73 82 87 82 73 73 70 67 66 67
317 320 325 331 341 358 388 414 455 515 542 550 555 583 653 691 733 762 772 760 744 743 718 699 690 679 663 662 663 638 604 585 588 551 533 514 491 426 451 391 406 313 231 243 288 315 363 274 165 134 144 119 115 105 89 88 100 131 168 151 93 70 57 55 54 55 61 67 68 70 74 73 67 60 53 57 69 75 79 76 72 73 76 77 75 73 73 70 65 64
308 315 323 328 334 340 370 399 422 457 519 540 553 585 612 656 709 700 727 759 780 772 762 743 718 698 701 679 629 605 576 566 541 539 496 492 478 456 479 426 433 370 290 242 303 355 403 344 200 136 116 108 103 96 93 89 92 100 127 159 117 83 68 61 59 62 70 71 68 70 78 82 79 70 55 53 60 66 72 82 76 70 68 69 71 70 67 71 69 63
304 310 313 320 324 330 342 370 401 465 512 529 542 578 632 615 640 680 707 715 755 774 772 753 726 711 677 653 623 605 573 552 568 535 466 476 493 478 487 481 452 388 337 266 312 331 363 334 223 146 143 131 123 116 98 92 90 93 99 106 122 120 98 76 62 68 77 80 74 69 68 68 69 67 59 53 61 74 78 93 89 71 65 64 67 71 67 67 67 65
297 301 306 312 321 328 327 340 373 433 488 503 519 543 561 597 655 661 678 697 751 803 779 762 734 706 685 673 653 617 589 533 510 485 494 480 501 501 504 481 393 302 278 259 278 281 260 287 207 166 211 200 177 135 114 103 95 97 100 102 109 132 115 87 64 64 72 79 76 70 67 67 69 69 64 55 59 85 93 94 90 71 63 64 67 75 70 67 67 67
293 297 302 306 306 312 312 322 340 385 421 477 464 501 523 574 637 661 678 708 736 768 792 772 734 717 689 663 640 600 568 552 545 532 512 485 453 500 503 451 378 347 348 297 310 280 211 220 157 169 216 208 185 164 156 128 120 122 129 112 132 147 116 74 67 67 71 76 85 79 79 83 85 77 60 53 54 66 83 81 75 69 64 65 67 75 70 67 67 66
289 291 292 295 300 304 305 313 322 343 384 445 467 478 518 566 615 639 648 685 729 773 787 758 752 726 698 670 642 602 587 583 582 566 537 523 473 477 488 481 413 400 409 352 372 311 229 169 153 170 194 228 223 186 184 165 160 153 156 114 116 133 115 78 72 81 86 79 77 73 74 80 81 64 54 52 52 58 67 71 74 69 67 67 67 68 67 66 67 63
283 285 285 287 286 288 290 295 302 328 367 416 434 437 507 580 588 599 605 648 719 740 733 752 753 734 708 678 626 617 598 592 583 571 557 538 517 513 499 476 408 438 445 410 324 293 213 178 163 189 201 250 255 226 190 193 160 129 117 111 116 137 101 91 92 90 88 72 62 57 58 66 71 63 61 61 59 59 62 66 71 73 69 68 69 70 71 67 63 61
280 278 276 276 276 279 282 287 295 321 337 371 416 419 452 505 538 540 584 639 690 645 612 666 682 696 672 655 652 635 606 591 584 575 552 536 523 510 491 485 449 440 439 387 406 339 232 206 185 196 199 207 208 201 191 153 136 136 121 116 122 128 106 104 91 77 78 77 58 56 58 70 78 64 67 71 64 61 59 59 62 70 73 74 73 80 79 68 61 60
277 273 270 269 271 275 277 276 283 302 327 392 501 484 413 444 473 528 580 615 610 580 680 680 713 717 716 697 674 644 616 594 574 555 538 522 500 491 496 478 484 464 439 406 351 311 319 265 237 215 215 212 206 174 154 136 131 129 123 121 131 141 120 106 82 76 76 67 64 60 60 62 69 69 68 69 67 62 59 56 60 70 79 79 79 86 73 63 60 60
