Lab10/future/bio12.asc
NCOLS 269 
NROWS 261 
XLLCORNER -125 
YLLCORNER 32.25 
CELLSIZE 0.0416666666666667 
NODATA_value -32768 
[rows 78 to 116 of 261, columns 87 to 173 of 269]
1120 1145 1287 1306 1312 1313 1278 1292 1287 1271 1259 1243 1228 1179 1145 1124 1058 994 993 938 871 744 685 654 597 636 595 497 484 427 437 371 350 400 308 327 282 271 301 254 251 242 242 276 237 228 221 217 210 207 203 212 203 204 201 181 178 177 173 168 163 161 160 160 157 155 155 155 156 156 157 158 162 164 167 177 221 281 292 251 185 165 168 172 176 181 194
1129 1232 1237 1301 1344 1323 1312 1301 1310 1318 1308 1279 1257 1237 1187 1142 1104 1054 1002 899 804 721 677 619 569 533 496 459 426 404 402 363 344 504 355 329 307 275 272 246 243 238 249 298 335 350 243 213 208 205 202 202 244 230 206 180 174 175 178 170 161 158 157 155 152 153 153 152 153 154 155 155 158 161 163 182 250 234 219 179 165 164 166 171 180 190 217
1222 1118 1157 1276 1325 1363 1377 1380 1376 1375 1359 1327 1298 1278 1237 1198 1151 1133 1060 943 851 813 820 658 595 556 515 476 455 431 425 364 364 526 411 347 364 263 268 236 234 231 224 224 285 429 304 217 206 205 201 197 249 215 197 178 173 176 178 171 166 163 156 153 151 152 152 152 152 154 155 156 157 159 163 221 242 187 166 158 160 163 166 175 191 210 250
1572 1366 1355 1378 1378 1364 1419 1433 1434 1435 1416 1399 1345 1329 1279 1251 1210 1156 1110 1059 937 863 772 694 628 582 539 499 511 606 467 380 370 459 343 299 287 277 248 248 231 243 228 218 257 369 316 224 202 202 202 197 232 215 179 172 171 169 168 165 160 157 154 151 149 149 149 150 151 153 155 155 155 158 184 258 191 162 155 156 159 164 171 185 211 247 281
1412 1272 1440 1297 1338 1405 1448 1468 1484 1492 1496 1465 1435 1393 1349 1307 1256 1219 1177 1119 1010 919 802 727 665 614 567 525 574 705 576 445 362 336 320 271 266 255 242 237 224 240 290 227 265 373 361 228 201 197 195 198 213 188 173 172 178 173 164 157 153 153 152 149 149 149 149 150 150 153 154 153 154 161 204 243 170 154 153 156 159 166 182 204 253 328 343
1479 1498 1516 1377 1398 1434 1475 1509 1538 1554 1564 1546 1499 1504 1495 1397 1305 1269 1227 1184 1135 1054 857 769 739 728 723 582 618 765 678 526 383 340 328 272 253 262 264 230 223 236 309 324 323 407 280 209 196 195 191 187 182 174 170 175 179 163 158 154 152 153 150 148 147 146 146 147 147 150 151 150 152 167 213 247 177 153 154 157 166 194 233 241 271 328 297
1501 1488 1584 1464 1457 1505 1532 1559 1589 1615 1622 1621 1608 1628 1636 1479 1362 1308 1304 1226 1179 1130 975 816 758 826 826 749 725 743 874 633 484 515 568 366 280 262 236 229 222 229 236 257 248 251 222 213 193 190 187 183 177 172 168 166 163 158 155 154 152 151 148 147 146 146 146 146 145 148 151 150 155 179 224 292 187 152 154 159 182 255 316 327 336 317 246
1368 1473 1552 1587 1589 1561 1600 1629 1645 1668 1685 1684 1695 1694 1682 1665 1577 1516 1405 1298 1226 1189 1130 963 868 858 895 868 859 743 805 631 526 549 556 423 304 254 237 229 227 244 226 208 203 199 202 211 234 199 183 179 178 172 165 161 158 155 154 154 151 148 147 146 146 146 145 145 146 146 148 151 192 258 281 272 169 153 156 166 187 269 364 370 292 240 224
1314 1533 1619 1652 1618 1619 1659 1669 1686 1692 1711 1734 1750 1719 1743 1583 1553 1458 1403 1356 1268 1220 1179 1118 1062 984 928 896 872 740 703 707 488 377 339 308 275 256 238 230 232 225 214 262 248 203 201 247 281 221 192 178 186 179 167 160 157 156 152 152 150 148 146 146 146 145 145 146 147 147 156 165 219 292 273 213 167 155 161 175 201 263 394 359 261 222 220
1471 1563 1637 1698 1679 1609 1697 1707 1722 1739 1770 1802 1810 1820 1797 1755 1674 1523 1428 1370 1329 1256 1208 1161 1114 1055 985 906 844 739 662 767 633 515 544 426 317 264 243 234 257 240 227 271 279 272 247 235 271 278 225 178 170 170 163 158 156 153 148 151 149 148 147 146 145 144 145 146 146 151 168 179 217 256 232 188 162 158 177 204 233 265 299 304 236 223 236
1241 1418 1549 1639 1665 1523 1511 1620 1723 1737 1747 1762 1782 1800 1822 1808 1690 1615 1507 1412 1347 1294 1242 1202 1175 1111 1036 959 870 744 655 698 568 786 858 718 449 285 252 240 269 307 252 241 274 325 315 231 196 194 188 172 166 163 160 156 156 152 148 150 148 147 145 145 144 143 146 147 147 161 178 183 204 210 197 178 161 159 197 229 249 241 249 239 228 252 319
1141 1397 1363 1370 1640 1538 1430 1494 1608 1716 1777 1808 1882 1867 1813 1856 1798 1606 1469 1412 1370 1341 1277 1231 1198 1139 1065 991 866 771 678 685 623 813 957 781 539 342 272 247 338 340 322 299 351 263 208 189 184 177 171 168 164 161 159 161 163 161 151 149 147 146 145 143 143 145 147 149 147 156 170 181 173 172 171 164 157 161 197 234 230 216 233 210 219 258 369
1093 1190 1242 1293 1403 1363 1473 1563 1653 1642 1677 1691 1741 1674 1728 1738 1837 1772 1737 1592 1449 1359 1301 1260 1218 1159 1097 1018 919 794 735 696 718 828 996 849 526 354 300 289 346 408 353 342 250 201 187 181 180 189 179 167 163 161 157 155 155 158 151 148 145 145 144 144 144 144 145 144 143 150 172 182 170 158 157 155 155 158 171 211 210 210 205 198 212 253 388
1017 1137 1269 1227 1195 1291 1368 1490 1565 1628 1709 1759 1802 1869 1890 1933 1888 1875 1733 1618 1509 1428 1367 1296 1235 1183 1115 1040 948 835 786 818 878 957 996 894 563 329 323 373 474 394 273 218 199 193 188 182 179 191 174 165 161 160 155 152 152 155 151 147 143 144 143 144 144 144 149 144 143 146 147 153 160 151 151 153 157 158 164 190 183 182 186 193 219 241 327
915 1041 1101 1139 1176 1309 1401 1522 1584 1641 1691 1664 1798 1810 1807 1891 1928 1875 1668 1590 1523 1459 1385 1335 1270 1216 1159 1082 995 942 887 888 895 866 782 806 463 327 304 403 415 288 250 210 200 201 215 188 179 174 169 164 163 160 154 152 154 155 152 147 145 144 143 148 145 143 142 151 145 141 141 149 163 152 148 153 165 174 166 172 176 179 190 213 212 227 292
826 920 1019 1125 1166 1291 1439 1511 1571 1607 1601 1566 1657 1678 1833 1737 1756 1856 1719 1571 1530 1446 1404 1356 1294 1239 1207 1109 1036 1056 921 770 701 620 605 736 501 351 332 363 306 243 221 211 217 306 271 230 203 178 169 169 184 227 183 159 170 160 153 151 166 172 153 148 144 142 144 160 164 143 143 152 175 149 148 158 192 235 204 195 186 194 210 241 222 225 266
819 947 1028 1145 1173 1238 1393 1446 1517 1503 1461 1475 1530 1644 1547 1465 1659 1704 1700 1680 1579 1532 1429 1379 1312 1269 1227 1122 1061 975 860 764 687 621 598 874 744 394 300 277 258 258 260 240 324 457 320 289 237 180 169 165 174 172 158 153 162 182 169 174 180 177 155 143 147 154 152 156 177 164 151 173 171 151 153 164 213 235 228 216 201 208 226 255 243 236 267
776 843 916 1060 1126 1201 1326 1332 1339 1389 1400 1453 1406 1593 1704 1760 1771 1805 1737 1702 1587 1531 1463 1392 1330 1281 1216 1181 1076 953 857 769 690 621 634 879 783 433 310 284 281 309 344 284 372 492 350 343 259 184 174 164 159 155 153 152 151 152 151 153 163 165 153 143 142 143 152 164 172 181 177 200 195 161 157 175 196 191 208 210 195 203 219 231 233 249 255
709 775 842 950 1042 1115 1189 1248 1285 1314 1313 1347 1418 1560 1643 1742 1655 1597 1712 1697 1620 1550 1473 1394 1322 1274 1231 1209 1103 951 861 776 694 623 655 760 520 387 301 280 315 395 407 358 395 451 323 274 213 207 180 165 161 157 154 151 154 149 147 148 156 166 155 152 143 143 145 153 164 167 171 197 222 165 162 186 202 189 194 189 193 206 213 217 214 224 243
682 744 808 932 1016 1102 1103 1144 1230 1295 1295 1265 1311 1450 1580 1549 1384 1573 1703 1683 1564 1542 1465 1367 1328 1254 1249 1231 1184 979 872 786 705 636 720 927 617 340 287 292 298 350 383 458 448 508 291 242 259 207 195 170 162 159 156 152 155 157 155 149 147 154 155 166 159 147 146 145 150 156 165 179 206 183 180 183 193 190 200 184 183 189 194 196 194 198 241
660 712 773 834 940 1014 1067 1135 1178 1257 1177 1270 1376 1388 1299 1243 1371 1459 1542 1577 1551 1538 1417 1421 1359 1302 1225 1192 1177 1049 888 803 726 661 711 937 558 311 281 270 289 302 340 412 421 538 305 248 261 206 207 179 166 163 158 157 161 168 168 154 148 149 153 154 150 146 150 150 151 166 183 171 176 182 179 176 169 188 198 180 176 177 193 197 179 192 252
641 672 714 804 895 980 1032 1122 1166 1110 1137 1259 1220 1221 1396 1431 1289 1493 1563 1570 1592 1485 1448 1405 1347 1305 1300 1213 1223 1244 1015 826 756 692 684 848 539 322 291 279 283 293 309 338 380 505 398 214 202 193 214 207 169 167 166 166 177 172 200 181 151 148 147 147 146 145 146 146 148 160 173 160 152 150 150 149 150 180 179 173 173 168 178 187 172 229 276
626 649 681 722 789 930 1011 1061 1003 1025 1075 1204 1240 1352 1438 1495 1554 1481 1466 1527 1491 1492 1477 1410 1347 1322 1304 1336 1257 1264 1079 868 792 729 842 1034 534 350 318 301 302 305 320 366 475 496 361 209 198 195 226 218 174 171 168 168 174 184 244 265 178 150 147 147 147 149 151 149 147 154 161 150 145 143 143 143 147 158 160 169 167 164 163 166 177 244 291
614 633 658 695 748 829 919 943 1015 1073 1101 1160 1285 1340 1411 1458 1577 1632 1604 1552 1559 1537 1462 1397 1333 1304 1329 1330 1325 1309 1236 951 857 780 928 1060 709 391 350 330 317 338 365 383 563 558 354 217 210 206 219 228 182 174 173 173 172 176 191 237 267 169 149 148 154 167 171 164 153 150 155 148 142 142 143 147 149 149 155 166 162 160 161 171 192 232 247
602 617 651 713 744 790 857 874 978 963 1014 1123 1171 1242 1296 1353 1453 1545 1584 1588 1511 1510 1443 1395 1327 1294 1282 1289 1353 1320 1242 1104 893 952 1091 1131 1029 538 384 378 376 394 481 501 644 562 328 230 221 213 207 226 191 181 177 175 178 184 187 204 223 183 153 151 155 167 185 176 162 162 158 151 147 144 145 148 148 147 152 157 157 156 160 193 244 251 230
593 604 628 662 687 736 760 895 961 875 884 941 1077 1174 1161 1302 1411 1359 1421 1441 1496 1500 1459 1417 1360 1328 1316 1282 1268 1214 1160 1189 1039 1168 1142 1067 1053 680 444 443 429 459 451 563 709 623 471 258 228 220 213 210 206 191 187 184 191 205 213 226 332 223 162 154 153 162 178 179 183 186 169 163 153 150 152 152 147 149 152 155 159 159 168 202 253 276 230
584 594 611 637 666 698 754 776 840 877 950 986 1016 1059 1101 1213 1284 1374 1446 1431 1428 1411 1381 1358 1323 1268 1223 1204 1205 1178 1223 1294 1181 1189 1012 1006 909 605 535 505 488 523 513 487 450 461 355 264 239 231 226 227 223 207 199 193 183 186 193 217 318 288 177 157 154 157 177 171 175 174 173 191 167 160 168 176 156 153 155 160 164 169 183 196 217 241 226
576 584 592 609 642 671 700 767 881 938 891 950 1005 1079 1145 1222 1286 1354 1424 1457 1460 1465 1449 1406 1379 1324 1281 1200 1221 1260 1264 1303 1269 1215 1029 1116 1025 691 594 646 719 616 626 420 329 295 282 296 291 243 251 259 272 250 220 203 201 186 189 209 277 225 169 160 157 158 178 181 185 185 186 188 198 181 194 199 173 164 172 163 165 174 176 186 189 203 210
564 568 580 594 611 643 696 795 874 919 931 956 1002 1033 1098 1191 1219 1256 1373 1445 1487 1498 1473 1447 1411 1356 1328 1259 1194 1235 1327 1318 1280 1228 1118 1107 899 691 620 673 750 762 759 492 328 305 308 354 365 265 258 290 401 338 272 225 210 191 194 209 270 214 173 163 161 159 179 226 231 216 223 198 206 212 207 213 210 208 176 167 168 169 173 177 180 192 197
543 554 566 577 589 622 678 723 825 858 907 923 992 974 1048 1050 1082 1186 1278 1379 1469 1504 1485 1458 1414 1383 1393 1355 1316 1338 1323 1326 1254 1234 1185 1132 988 803 833 662 724 736 681 451 352 325 332 368 418 338 285 305 379 444 422 267 213 202 196 218 291 265 188 166 164 160 163 183 201 218 215 225 212 205 224 229 241 234 190 185 174 171 177 182 188 192 195
523 533 545 561 586 608 638 668 730 814 825 842 909 937 988 1032 1088 1159 1311 1411 1467 1493 1480 1456 1422 1381 1374 1369 1348 1378 1372 1322 1190 1220 1188 1110 1077 1007 853 831 672 635 662 518 411 348 367 428 461 479 373 307 347 394 412 291 217 211 216 236 305 383 277 178 166 163 158 160 164 168 177 209 185 193 177 186 184 198 201 212 216 183 180 195 204 206 201
510 522 537 556 578 582 608 646 689 755 763 813 859 929 966 1040 1135 1276 1348 1425 1463 1472 1466 1452 1420 1399 1369 1316 1354 1338 1322 1235 1083 1107 1112 1099 1083 1047 1006 967 821 693 666 603 469 371 434 543 535 492 413 341 352 435 440 310 245 221 214 223 332 491 490 261 170 164 162 160 160 161 162 166 160 157 158 158 159 176 209 231 245 203 187 201 233 235 214
505 515 532 544 559 563 585 617 645 683 715 752 858 919 975 1039 1106 1239 1311 1375 1430 1475 1487 1464 1428 1399 1345 1315 1275 1251 1255 1093 1234 1225 1142 1096 1102 1055 1043 942 893 742 757 746 502 408 421 565 610 647 536 372 364 481 472 362 315 245 221 230 372 472 358 258 190 170 167 165 164 173 181 168 162 163 163 159 156 156 185 216 256 224 196 200 230 247 226
502 513 524 535 543 556 568 589 618 663 698 748 823 882 935 990 1069 1204 1277 1361 1417 1439 1419 1394 1393 1350 1317 1296 1276 1254 1255 1264 1221 1163 1133 1152 1083 1057 1024 986 860 919 802 841 658 495 525 624 683 791 613 387 327 352 304 297 278 245 247 275 348 434 402 273 220 183 175 170 169 179 190 192 197 211 206 185 168 155 162 187 207 220 207 195 198 207 210
499 507 516 524 538 555 565 579 591 640 679 709 754 848 914 984 1069 1126 1209 1313 1297 1354 1418 1454 1438 1416 1379 1338 1307 1323 1287 1195 1153 1107 1092 1053 1056 980 977 959 919 977 872 896 772 613 521 652 762 876 753 458 329 292 275 266 256 252 247 256 276 341 416 326 251 215 190 182 187 207 206 193 197 225 240 225 193 160 155 165 177 198 228 207 186 181 182
496 502 510 522 533 542 556 566 579 599 642 688 774 857 906 949 1051 1163 1126 1179 1257 1313 1333 1414 1441 1431 1395 1351 1329 1272 1230 1179 1151 1097 1062 1104 1045 915 943 984 960 989 984 931 804 709 565 668 711 785 728 503 347 345 322 308 295 259 248 249 257 275 295 334 333 287 236 192 206 235 243 213 195 191 188 189 182 167 157 169 202 214 268 255 190 174 171
492 498 506 515 523 533 547 565 579 578 602 655 741 830 860 900 967 1014 1087 1207 1219 1255 1294 1402 1483 1442 1409 1363 1315 1286 1270 1242 1175 1129 1020 982 938 970 949 1000 1006 1023 981 809 625 582 548 592 604 566 628 467 385 484 464 421 335 292 270 257 263 274 284 302 356 322 260 202 197 218 240 225 201 189 186 192 190 176 159 166 240 274 275 256 187 167 166
486 494 504 510 520 532 539 543 555 558 579 611 681 737 827 811 882 930 1041 1171 1218 1254 1313 1370 1428 1462 1426 1365 1332 1287 1245 1209 1133 1077 1052 1052 1033 1004 956 898 1001 1017 912 774 715 724 621 657 599 462 484 361 389 490 477 434 392 379 323 308 317 336 303 350 388 323 224 207 209 218 234 267 238 236 247 253 219 169 157 155 182 232 222 202 181 167 167
482 492 500 508 514 518 524 535 545 550 567 589 629 692 787 823 847 924 1026 1127 1175 1194 1266 1355 1432 1454 1405 1393 1347 1300 1255 1206 1135 1111 1119 1125 1100 1051 1029 937 950 985 971 842 820 844 734 780 661 496 379 350 388 442 517 513 437 438 399 394 383 392 302 312 355 315 230 216 246 261 247 243 219 219 240 240 180 161 156 154 160 178 188 197 180 172 170
