Lab10/future/bio15.asc
NCOLS 269 
NROWS 261 
XLLCORNER -125 
YLLCORNER 32.25 
CELLSIZE 0.0416666666666667 
NODATA_value -32768 
[rows 43 to 85 of 261, columns 0 to 95 of 269]
-32768 -32768 -32768 -32768 -32768 -32768 -32768 -32768 -32768 -32768 -32768 -32768 -32768 -32768 -32768 -32768 -32768 -32768 -32768 -32768 -32768 80 81 82 83 83 84 84 84 83 84 84 85 84 87 87 82 83 85 85 82 80 81 83 82 78 80 76 74 74 75 75 75 74 73 72 71 70 70 69 69 69 72 76 78 72 68 68 70 73 75 76 75 74 71 68 65 64 62 64 64 65 64 57 57 57 55 54 54 53 52 51 51 49 47 46
-32768 -32768 -32768 -32768 -32768 -32768 -32768 -32768 -32768 -32768 -32768 -32768 -32768 -32768 -32768 -32768 -32768 -32768 -32768 -32768 -32768 81 82 82 83 83 84 84 84 84 83 85 86 86 87 85 82 80 84 85 85 84 81 78 78 79 77 75 74 74 74 74 74 73 72 72 72 72 71 70 69 70 73 77 80 79 73 75 80 80 80 79 77 76 74 72 71 66 65 66 65 66 65 62 59 57 55 54 55 54 54 53 52 51 47 46
-32768 -32768 -32768 -32768 -32768 -32768 -32768 -32768 -32768 -32768 -32768 -32768 -32768 -32768 -32768 -32768 -32768 -32768 -32768 -32768 -32768 81 82 82 83 83 84 84 84 85 84 84 86 84 86 85 82 80 82 82 84 85 84 81 78 77 77 76 75 74 74 73 73 72 73 73 75 72 71 70 70 70 70 72 74 82 80 80 82 82 82 80 76 74 73 72 71 68 68 68 67 67 66 65 64 63 60 55 54 53 54 54 53 52 51 49
-32768 -32768 -32768 -32768 -32768 -32768 -32768 -32768 -32768 -32768 -32768 -32768 -32768 -32768 -32768 -32768 -32768 -32768 -32768 -32768 81 81 83 83 83 83 84 84 84 85 85 85 84 84 84 84 84 80 79 80 82 82 83 82 79 79 79 76 75 74 74 74 73 73 73 74 76 73 72 71 70 71 75 75 81 83 80 80 83 82 82 77 72 68 66 65 67 67 69 69 68 68 67 66 65 63 63 58 54 54 54 55 54 53 52 51
-32768 -32768 -32768 -32768 -32768 -32768 -32768 -32768 -32768 -32768 -32768 -32768 -32768 -32768 -32768 -32768 -32768 -32768 -32768 -32768 81 81 82 83 83 83 84 84 84 85 84 86 84 85 84 81 81 81 79 79 80 80 82 82 82 82 79 76 75 75 75 75 75 74 75 78 77 74 74 74 72 73 78 82 83 81 78 82 82 81 80 75 69 74 77 75 74 67 66 67 68 69 69 68 66 65 64 62 56 53 54 56 55 54 53 52
-32768 -32768 -32768 -32768 -32768 -32768 -32768 -32768 -32768 -32768 -32768 -32768 -32768 -32768 -32768 -32768 -32768 -32768 -32768 -32768 82 82 82 83 83 84 84 84 84 85 85 86 85 85 82 81 80 81 82 81 81 79 79 80 79 80 80 78 76 76 76 75 77 77 78 79 74 75 76 73 72 72 78 83 82 79 82 83 82 82 80 79 77 80 79 74 71 67 68 69 70 69 69 68 66 65 65 64 62 57 56 57 56 55 53 51
-32768 -32768 -32768 -32768 -32768 -32768 -32768 -32768 -32768 -32768 -32768 -32768 -32768 -32768 -32768 -32768 -32768 -32768 -32768 -32768 81 82 83 83 84 84 84 84 84 84 85 86 85 85 84 82 80 81 83 83 82 80 79 79 79 78 78 79 77 76 75 74 75 76 80 82 77 78 74 74 73 77 83 85 84 81 82 84 83 81 79 81 82 82 81 79 73 69 72 73 72 70 67 68 67 66 65 65 63 61 57 56 57 56 54 52
-32768 -32768 -32768 -32768 -32768 -32768 -32768 -32768 -32768 -32768 -32768 -32768 -32768 -32768 -32768 -32768 -32768 -32768 -32768 -32768 -32768 82 82 83 84 84 84 84 84 84 84 85 86 86 86 85 82 81 81 84 82 82 81 79 80 79 76 76 76 76 75 75 75 77 80 83 82 82 78 78 77 82 85 84 83 79 83 83 82 78 83 82 83 83 82 79 74 74 75 75 73 71 70 67 66 66 65 65 64 63 58 58 57 56 52 51
-32768 -32768 -32768 -32768 -32768 -32768 -32768 -32768 -32768 -32768 -32768 -32768 -32768 -32768 -32768 -32768 -32768 -32768 -32768 -32768 -32768 82 83 83 84 84 84 85 85 84 84 84 86 86 86 84 83 82 84 85 84 82 80 80 81 78 76 77 77 77 76 76 77 78 82 85 83 80 78 79 84 86 84 84 83 81 84 85 83 83 84 82 83 81 81 80 75 77 76 74 73 71 70 69 67 66 65 65 64 64 61 59 57 53 52 51
-32768 -32768 -32768 -32768 -32768 -32768 -32768 -32768 -32768 -32768 -32768 -32768 -32768 -32768 -32768 -32768 -32768 -32768 -32768 -32768 82 82 83 83 84 84 85 85 85 84 85 85 86 86 85 85 83 84 86 85 83 82 79 80 82 80 77 78 78 79 76 76 79 82 82 84 83 80 79 81 85 86 86 86 84 84 85 84 83 84 84 82 83 81 80 77 76 76 76 74 72 71 68 68 67 67 66 65 64 63 62 60 57 54 53 53
-32768 -32768 -32768 -32768 -32768 -32768 -32768 -32768 -32768 -32768 -32768 -32768 -32768 -32768 -32768 -32768 -32768 -32768 -32768 -32768 82 83 83 84 84 85 85 85 85 85 85 85 85 87 87 86 84 87 85 84 82 81 81 82 84 83 79 81 79 81 78 79 82 84 83 84 81 79 81 82 84 84 87 86 85 85 86 84 84 84 83 82 83 82 80 77 72 75 76 75 73 71 69 68 68 67 66 64 63 63 61 61 60 59 58 58
-32768 -32768 -32768 -32768 -32768 -32768 -32768 -32768 -32768 -32768 -32768 -32768 -32768 -32768 -32768 -32768 -32768 -32768 -32768 83 83 83 84 84 85 85 85 85 85 85 84 85 86 86 87 86 87 86 85 84 83 85 83 83 86 84 82 82 78 80 82 85 86 86 85 83 81 83 83 82 85 86 87 87 86 86 85 83 85 84 84 84 83 82 80 79 76 74 76 75 73 72 70 69 69 68 66 65 61 61 60 59 60 60 59 58
-32768 -32768 -32768 -32768 -32768 -32768 -32768 -32768 -32768 -32768 -32768 -32768 -32768 -32768 -32768 -32768 -32768 -32768 -32768 83 83 84 84 85 85 85 86 85 85 85 85 84 85 86 87 86 87 86 86 86 86 85 83 83 87 87 87 81 79 80 84 84 85 86 84 83 83 85 83 84 85 87 87 87 86 86 84 85 85 85 84 84 82 82 80 77 74 73 74 74 66 68 70 70 69 69 65 64 62 62 60 58 58 58 58 57
-32768 -32768 -32768 -32768 -32768 -32768 -32768 -32768 -32768 -32768 -32768 -32768 -32768 -32768 -32768 -32768 -32768 -32768 84 84 84 85 85 85 85 86 86 86 85 85 86 84 85 86 87 86 86 87 86 87 88 87 86 85 88 88 88 84 83 85 85 86 85 87 82 82 84 86 85 83 83 86 88 87 86 86 86 86 85 84 83 83 82 81 79 76 70 69 72 72 69 69 68 70 70 70 67 65 62 61 60 58 58 58 58 57
-32768 -32768 -32768 -32768 -32768 -32768 -32768 -32768 -32768 -32768 -32768 -32768 -32768 -32768 -32768 -32768 -32768 85 85 85 85 86 86 86 85 85 86 86 86 85 85 86 86 86 87 87 85 84 85 85 85 88 89 88 84 85 89 89 86 89 87 87 88 86 83 84 87 86 83 84 86 88 88 87 87 86 86 85 85 84 84 83 82 80 79 76 72 70 71 71 67 65 64 66 71 71 68 66 64 62 61 61 60 59 58 57
-32768 -32768 -32768 -32768 -32768 -32768 -32768 -32768 -32768 -32768 -32768 -32768 -32768 -32768 -32768 -32768 -32768 86 86 86 86 86 86 86 86 86 86 87 86 85 85 85 86 86 87 88 87 86 86 86 85 85 85 85 84 84 87 88 88 89 88 89 88 85 84 86 88 86 86 84 87 88 88 87 87 86 86 85 85 84 84 83 81 80 79 78 76 73 72 70 66 65 64 64 67 70 68 66 65 64 63 62 61 60 61 60
-32768 -32768 -32768 -32768 -32768 -32768 -32768 -32768 -32768 -32768 -32768 -32768 -32768 -32768 -32768 -32768 87 87 87 87 87 87 87 87 87 86 86 86 87 87 87 87 86 85 85 88 89 88 88 88 88 87 84 84 85 84 86 88 89 89 88 85 85 86 85 86 88 88 88 87 88 88 88 87 87 86 86 85 85 84 84 83 82 81 79 78 77 75 71 68 66 67 66 66 70 71 70 66 65 66 64 63 63 63 61 60
-32768 -32768 -32768 -32768 -32768 -32768 -32768 -32768 -32768 -32768 -32768 -32768 -32768 -32768 -32768 87 87 87 88 88 88 88 87 87 88 87 87 87 86 87 86 87 87 87 85 86 89 89 88 88 88 89 87 86 87 87 86 86 88 89 88 87 85 85 84 83 82 86 88 88 88 88 87 87 87 86 86 85 84 84 83 83 81 80 78 77 77 76 73 70 67 66 67 69 70 69 66 64 65 65 64 63 62 64 62 62
-32768 -32768 -32768 -32768 -32768 -32768 -32768 -32768 -32768 -32768 -32768 -32768 -32768 -32768 -32768 88 88 88 89 89 89 89 89 88 88 88 87 87 87 87 87 87 88 88 87 85 89 89 88 86 87 88 89 90 90 89 87 85 85 88 86 86 84 82 82 83 83 84 88 88 88 88 88 87 87 86 86 85 84 84 83 82 81 79 78 77 77 77 76 75 72 68 66 67 66 66 65 65 65 65 64 64 63 65 65 64
-32768 -32768 -32768 -32768 -32768 -32768 -32768 -32768 -32768 -32768 -32768 -32768 -32768 -32768 88 88 88 88 88 89 90 90 90 90 89 88 88 87 87 88 88 88 88 88 88 86 87 89 87 87 86 87 89 90 88 87 86 86 86 87 86 85 83 84 86 87 87 88 88 88 88 88 87 87 86 86 85 84 84 83 82 81 80 78 77 77 77 77 77 77 74 69 67 67 67 66 66 66 66 65 64 65 65 64 65 66
-32768 -32768 -32768 -32768 -32768 -32768 -32768 -32768 -32768 -32768 -32768 -32768 -32768 -32768 89 89 89 89 88 89 90 91 90 90 90 90 90 89 89 89 88 89 89 89 89 89 86 89 90 88 87 87 87 89 89 88 88 86 84 86 86 85 86 86 87 88 89 89 89 88 88 88 87 87 87 86 85 84 84 83 82 81 79 78 78 77 77 77 77 77 75 69 68 68 68 67 67 67 67 66 65 65 66 67 67 67
-32768 -32768 -32768 -32768 -32768 -32768 -32768 -32768 -32768 -32768 -32768 -32768 -32768 -32768 89 89 89 89 89 89 88 89 90 90 91 90 90 88 88 89 88 89 89 88 87 90 89 88 89 87 87 88 88 88 89 88 87 85 84 86 87 88 89 89 89 89 89 89 89 88 88 87 87 87 86 85 85 84 83 83 82 81 81 80 78 77 77 77 78 77 74 70 69 69 68 68 69 70 68 67 67 67 67 68 69 69
-32768 -32768 -32768 -32768 -32768 -32768 -32768 -32768 -32768 -32768 -32768 -32768 -32768 -32768 90 89 89 88 89 88 88 88 89 89 90 91 90 89 90 90 89 89 89 89 88 90 89 89 90 88 89 90 89 88 86 87 88 87 87 87 89 89 90 90 90 90 89 89 89 89 88 88 87 87 86 85 85 84 83 83 82 82 81 80 79 78 78 78 78 77 73 71 71 72 71 71 71 72 73 72 70 70 71 71 70 72
-32768 -32768 -32768 -32768 -32768 -32768 -32768 -32768 -32768 -32768 -32768 -32768 -32768 -32768 -32768 91 91 91 90 89 88 88 89 91 91 91 91 91 89 90 90 90 90 89 88 88 89 90 88 87 90 89 88 87 85 87 87 88 89 89 89 90 91 90 90 90 89 89 89 89 88 87 87 86 86 85 84 83 83 82 82 82 80 79 79 78 79 79 79 79 77 77 75 76 75 75 74 75 77 77 77 75 74 75 73 75
-32768 -32768 -32768 -32768 -32768 -32768 -32768 -32768 -32768 -32768 -32768 -32768 -32768 -32768 -32768 92 92 92 93 91 90 89 90 91 89 91 92 91 92 92 91 91 91 90 87 88 89 90 90 90 87 89 90 89 87 87 86 88 89 90 89 90 91 90 90 90 90 89 89 88 88 87 87 86 86 85 85 84 83 83 83 82 81 80 80 80 80 80 80 79 75 76 78 78 77 78 76 74 76 80 81 81 79 79 78 77
-32768 -32768 -32768 -32768 -32768 -32768 -32768 -32768 -32768 -32768 -32768 -32768 -32768 -32768 -32768 91 90 90 93 93 92 91 90 90 90 90 92 92 92 91 92 92 92 91 90 88 88 90 90 90 90 86 88 90 89 88 86 86 86 89 88 89 90 90 90 90 90 89 89 88 88 87 87 86 86 85 85 84 84 83 83 82 81 81 81 81 81 81 81 81 78 76 80 77 78 80 79 79 78 81 82 83 82 83 77 76
-32768 -32768 -32768 -32768 -32768 -32768 -32768 -32768 -32768 -32768 -32768 -32768 -32768 -32768 -32768 92 91 91 91 92 93 93 92 91 90 91 92 92 93 92 92 92 93 93 92 90 89 90 92 91 91 90 89 89 89 89 88 87 86 87 86 88 89 90 90 90 90 89 89 88 88 88 87 87 86 86 85 85 84 84 84 83 83 82 82 82 82 82 82 82 82 81 79 80 81 78 76 76 80 82 83 84 84 84 80 74
-32768 -32768 -32768 -32768 -32768 -32768 -32768 -32768 -32768 -32768 -32768 -32768 -32768 -32768 -32768 -32768 -32768 92 91 90 90 91 92 92 92 91 92 92 92 93 92 91 93 93 93 93 91 91 92 92 91 91 91 89 88 89 88 86 84 84 85 87 89 90 90 90 90 89 89 89 88 88 87 87 86 86 86 86 85 84 84 84 83 83 83 83 83 83 83 83 83 82 82 82 79 77 76 77 81 82 83 84 82 84 84 84
-32768 -32768 -32768 -32768 -32768 -32768 -32768 -32768 -32768 -32768 -32768 -32768 -32768 -32768 -32768 -32768 -32768 -32768 93 92 91 90 92 93 93 92 92 93 93 93 92 92 93 93 93 92 92 92 93 93 92 91 91 90 89 88 87 87 86 87 87 87 86 89 90 90 90 90 89 89 88 88 87 87 86 86 86 86 86 86 85 84 84 84 84 84 84 85 84 84 84 84 84 80 79 77 76 78 81 85 84 85 83 83 80 81
-32768 -32768 -32768 -32768 -32768 -32768 -32768 -32768 -32768 -32768 -32768 -32768 -32768 -32768 -32768 -32768 -32768 -32768 -32768 -32768 92 92 91 92 93 93 93 93 93 93 92 92 93 93 94 94 93 93 93 93 93 91 90 90 88 87 86 86 86 87 88 89 88 89 89 90 90 90 89 89 88 88 87 87 86 87 86 86 86 86 86 85 85 85 85 85 86 86 86 86 86 84 84 83 82 80 77 78 81 84 86 84 86 86 81 80
-32768 -32768 -32768 -32768 -32768 -32768 -32768 -32768 -32768 -32768 -32768 -32768 -32768 -32768 -32768 -32768 -32768 -32768 -32768 -32768 -32768 -32768 92 92 93 93 93 93 94 94 94 93 93 94 94 94 94 92 93 93 93 93 91 89 89 88 88 86 86 87 86 86 87 87 87 90 91 90 90 89 88 88 88 87 88 88 87 87 87 86 87 86 86 86 86 86 87 87 87 87 86 86 84 84 82 80 78 79 80 85 87 86 85 82 84 84
-32768 -32768 -32768 -32768 -32768 -32768 -32768 -32768 -32768 -32768 -32768 -32768 -32768 -32768 -32768 -32768 -32768 -32768 -32768 -32768 -32768 -32768 93 92 92 93 93 93 93 93 93 93 93 93 94 94 94 92 92 93 93 94 92 91 88 90 88 87 86 86 86 85 86 86 87 89 90 90 90 89 88 88 88 88 88 88 88 88 87 87 87 87 87 87 87 87 88 88 87 88 88 86 86 84 82 80 80 81 84 87 88 87 86 87 87 86
-32768 -32768 -32768 -32768 -32768 -32768 -32768 -32768 -32768 -32768 -32768 -32768 -32768 -32768 -32768 -32768 -32768 -32768 -32768 -32768 -32768 -32768 -32768 93 93 93 93 94 94 94 93 93 93 93 94 93 94 94 94 94 94 94 93 91 89 90 91 89 87 86 88 88 88 87 87 89 91 91 90 89 89 89 88 88 88 89 88 88 88 88 88 88 87 88 88 88 89 89 89 89 89 89 87 86 84 82 83 82 84 89 83 83 83 85 86 86
-32768 -32768 -32768 -32768 -32768 -32768 -32768 -32768 -32768 -32768 -32768 -32768 -32768 -32768 -32768 -32768 -32768 -32768 -32768 -32768 -32768 -32768 -32768 -32768 93 93 93 93 94 94 94 93 93 93 93 94 94 95 95 95 93 93 92 92 90 88 89 92 90 88 89 90 88 87 87 89 91 91 90 90 89 89 88 88 88 89 89 89 89 89 89 89 88 88 88 89 89 90 90 90 90 91 89 89 86 87 87 88 89 88 81 81 80 86 88 87
-32768 -32768 -32768 -32768 -32768 -32768 -32768 -32768 -32768 -32768 -32768 -32768 -32768 -32768 -32768 -32768 -32768 -32768 -32768 -32768 -32768 -32768 -32768 -32768 -32768 93 93 94 94 94 94 93 93 93 93 94 95 95 93 93 93 93 93 92 92 91 91 93 90 88 89 91 89 90 89 90 91 91 90 90 89 89 89 89 89 89 90 90 90 90 89 89 89 89 89 89 90 90 91 91 92 92 92 92 90 89 89 90 89 88 86 86 83 86 86 87
-32768 -32768 -32768 -32768 -32768 -32768 -32768 -32768 -32768 -32768 -32768 -32768 -32768 -32768 -32768 -32768 -32768 -32768 -32768 -32768 -32768 -32768 -32768 -32768 -32768 -32768 93 94 94 94 94 94 93 94 93 93 93 95 95 93 94 95 95 95 95 93 94 91 88 88 90 90 90 91 91 92 92 91 91 90 90 89 90 90 90 90 90 90 90 90 90 90 90 90 90 90 90 90 91 91 91 93 92 92 91 92 91 91 88 86 85 85 84 86 85 84
-32768 -32768 -32768 -32768 -32768 -32768 -32768 -32768 -32768 -32768 -32768 -32768 -32768 -32768 -32768 -32768 -32768 -32768 -32768 -32768 -32768 -32768 -32768 -32768 -32768 -32768 -32768 93 94 94 94 94 94 94 95 94 93 95 95 93 95 96 96 96 96 95 95 93 92 90 91 91 91 89 90 91 93 92 91 91 91 91 91 91 91 91 91 91 91 91 91 90 90 91 90 90 90 91 91 92 91 93 93 93 93 92 92 90 88 89 87 86 86 87 89 88
-32768 -32768 -32768 -32768 -32768 -32768 -32768 -32768 -32768 -32768 -32768 -32768 -32768 -32768 -32768 -32768 -32768 -32768 -32768 -32768 -32768 -32768 -32768 -32768 -32768 -32768 -32768 93 94 94 94 94 94 94 95 95 94 95 96 95 94 96 97 97 96 94 92 94 93 91 89 90 92 93 92 90 92 93 92 92 92 91 91 92 92 92 92 92 92 92 91 91 91 91 91 91 91 91 91 91 92 93 93 93 93 92 93 93 92 92 89 90 90 88 86 86
-32768 -32768 -32768 -32768 -32768 -32768 -32768 -32768 -32768 -32768 -32768 -32768 -32768 -32768 -32768 -32768 -32768 -32768 -32768 -32768 -32768 -32768 -32768 -32768 -32768 -32768 -32768 -32768 93 94 94 94 94 94 94 95 95 94 95 96 95 96 97 96 96 95 93 91 92 93 89 88 90 92 94 93 93 93 93 93 92 92 92 92 92 92 92 93 92 92 92 92 92 92 92 92 92 92 92 92 92 92 92 93 93 93 93 93 93 93 92 92 89 87 86 86
-32768 -32768 -32768 -32768 -32768 -32768 -32768 -32768 -32768 -32768 -32768 -32768 -32768 -32768 -32768 -32768 -32768 -32768 -32768 -32768 -32768 -32768 -32768 -32768 -32768 -32768 -32768 -32768 93 93 94 94 94 94 94 95 95 95 95 96 95 96 96 96 96 96 94 92 90 92 91 89 89 91 94 94 94 94 93 93 93 93 92 92 92 92 93 93 93 92 92 92 93 93 93 93 93 93 92 92 92 92 92 93 93 93 93 94 94 93 93 92 90 89 89 87
-32768 -32768 -32768 -32768 -32768 -32768 -32768 -32768 -32768 -32768 -32768 -32768 -32768 -32768 -32768 -32768 -32768 -32768 -32768 -32768 -32768 -32768 -32768 -32768 -32768 -32768 -32768 -32768 -32768 93 94 94 95 95 94 95 96 95 95 96 95 94 95 96 96 96 94 93 90 92 93 90 90 91 92 93 94 95 94 94 94 93 93 93 93 93 93 93 93 93 93 93 93 93 93 93 93 93 93 93 93 93 93 93 93 94 94 94 94 93 94 94 93 92 90 89
-32768 -32768 -32768 -32768 -32768 -32768 -32768 -32768 -32768 -32768 -32768 -32768 -32768 -32768 -32768 -32768 -32768 -32768 -32768 -32768 -32768 -32768 -32768 -32768 -32768 -32768 -32768 -32768 -32768 93 94 94 94 95 95 95 95 96 96 96 96 95 94 95 96 97 96 93 90 89 91 93 91 91 91 93 94 95 95 95 94 94 93 94 94 94 93 93 93 93 93 93 93 93 93 93 93 93 93 93 93 93 93 94 93 94 94 94 93 94 95 95 94 94 92 91
-32768 -32768 -32768 -32768 -32768 -32768 -32768 -32768 -32768 -32768 -32768 -32768 -32768 -32768 -32768 -32768 -32768 -32768 -32768 -32768 -32768 -32768 -32768 -32768 -32768 -32768 -32768 -32768 -32768 93 93 94 94 95 95 95 95 96 96 96 96 96 95 94 94 95 96 96 92 91 92 93 92 93 93 93 94 96 96 96 95 95 95 95 95 94 94 94 94 94 94 94 93 93 93 93 93 93 93 93 93 93 94 94 94 94 94 94 94 94 94 95 95 95 93 92
