Lab10/future/bio1.asc
NCOLS 269 
NROWS 261 
XLLCORNER -125 
YLLCORNER 32.25 
CELLSIZE 0.0416666666666667 
NODATA_value -32768 
[rows 156 to 194 of 261, columns 176 to 263 of 269]
207 204 171 146 154 168 183 207 226 245 261 265 265 266 268 270 271 269 263 250 228 210 210 215 216 222 222 222 221 220 219 216 215 215 211 201 197 201 206 206 198 193 194 193 191 195 202 203 202 199 200 202 202 196 182 177 159 125 107 119 131 138 154 182 202 208 198 203 218 224 229 232 234 229 230 237 241 238 234 236 240 229 217 205 169 136 148 179
153 177 164 134 134 155 177 197 216 238 252 251 231 216 246 267 274 275 273 265 247 218 194 196 207 223 223 223 222 222 221 220 218 218 218 216 213 211 204 195 189 191 194 196 198 199 199 198 199 200 202 203 202 195 191 178 154 114 119 142 145 145 150 168 203 213 208 214 221 226 230 233 231 223 228 234 241 242 236 239 238 225 225 214 186 166 157 189
150 141 148 151 146 162 185 189 197 228 236 222 175 170 212 254 275 276 277 267 245 212 196 181 185 219 225 224 224 223 223 222 221 221 221 219 217 213 197 180 170 177 182 185 188 188 186 183 189 193 199 202 202 200 196 188 166 128 139 157 154 146 152 181 205 211 221 224 225 228 231 232 228 221 231 235 240 244 242 242 238 235 226 220 210 195 177 193
157 160 159 194 205 200 185 166 173 202 217 205 171 165 200 237 269 276 278 271 249 217 196 181 174 200 225 225 225 225 225 224 222 222 221 220 218 212 197 172 143 156 162 169 171 174 171 174 175 178 186 193 198 202 203 197 181 155 167 168 155 146 169 193 207 215 226 228 227 229 230 230 226 222 230 236 239 242 245 245 243 238 229 224 219 211 192 204
161 164 173 201 225 231 216 160 144 177 186 186 162 165 209 244 261 274 277 273 259 243 216 193 193 188 219 225 226 226 226 226 222 218 218 218 215 206 198 184 155 131 129 144 134 154 158 159 161 156 170 180 189 201 205 204 197 189 181 172 166 161 179 195 208 219 227 227 225 227 227 226 221 217 227 233 237 241 244 246 244 238 231 228 225 219 219 216
167 172 178 202 233 236 234 209 174 163 141 163 170 164 193 225 255 275 277 276 253 245 236 218 196 175 196 215 222 227 227 226 224 221 209 210 207 195 203 196 181 152 123 129 124 118 134 137 140 146 158 168 183 197 205 207 205 201 188 163 170 186 183 192 211 221 226 222 221 223 222 217 201 206 215 223 227 242 246 247 244 231 221 215 213 222 225 225
165 168 182 208 227 234 236 226 204 170 142 145 166 162 160 191 237 268 276 276 263 227 226 223 209 206 197 204 211 227 228 227 225 222 218 208 207 201 203 204 194 176 143 127 136 113 96 106 118 130 137 157 171 189 199 205 210 213 212 208 204 205 205 205 212 218 220 214 219 218 210 210 213 223 228 221 235 246 247 245 238 216 210 192 207 215 220 228
161 162 185 200 202 229 236 234 216 181 158 167 162 143 169 192 232 260 274 276 273 240 193 211 197 205 215 217 221 228 228 227 221 216 216 212 206 197 206 210 203 192 166 141 146 121 96 93 87 112 121 149 173 185 193 201 209 216 218 219 220 220 220 221 221 221 219 216 214 211 196 199 220 228 232 236 243 246 247 244 232 215 206 192 200 203 221 233
157 170 184 184 172 212 229 235 229 205 187 179 165 131 126 162 220 257 273 276 276 259 192 200 200 196 212 219 224 227 229 228 221 200 204 215 207 210 212 210 206 197 184 169 155 130 99 73 104 118 141 158 170 177 178 200 211 217 220 222 224 225 226 227 227 226 226 223 223 218 209 207 223 232 237 238 238 235 247 243 228 214 202 190 180 193 223 238
158 173 183 172 156 198 225 233 233 225 205 167 150 122 120 163 213 251 269 275 275 263 187 188 199 194 203 210 217 224 228 226 220 205 199 215 211 211 212 210 206 200 190 170 161 148 120 95 90 111 138 152 151 155 174 195 213 219 221 223 225 227 228 229 223 227 232 233 230 226 228 229 232 229 232 224 230 241 248 241 230 216 198 183 187 205 226 242
151 163 178 170 147 198 222 233 238 235 227 191 146 104 128 180 211 249 269 275 275 267 207 182 180 192 196 196 210 218 225 226 226 211 194 205 215 213 212 210 208 205 201 187 178 164 143 144 121 135 131 139 154 166 184 200 211 217 221 224 226 228 229 226 221 233 237 238 236 235 237 238 229 232 235 235 241 247 248 242 229 211 201 188 211 225 236 240
148 157 172 162 129 177 218 235 242 245 245 208 145 111 117 168 203 244 264 273 274 269 240 198 166 178 192 188 197 211 215 219 229 220 201 199 209 214 213 211 209 208 206 199 191 180 175 161 149 142 149 149 180 190 198 204 211 217 222 226 227 229 231 231 227 233 240 243 243 242 244 244 245 243 236 248 248 248 248 247 235 203 200 212 226 243 238 233
148 152 157 151 123 168 210 232 242 246 246 211 164 128 119 167 205 237 257 271 274 274 254 194 169 171 191 192 196 204 194 214 229 224 206 210 189 205 213 212 211 209 207 203 198 194 189 176 159 161 160 145 178 191 187 207 215 220 223 226 228 230 233 235 235 237 238 241 246 247 247 247 232 230 228 246 248 248 247 247 247 237 228 231 241 245 225 236
155 149 145 150 134 156 207 226 237 245 246 226 176 138 117 165 195 226 253 268 273 272 259 211 192 181 198 205 210 204 200 213 230 222 202 220 209 190 206 213 213 211 208 205 203 201 198 191 180 177 168 158 168 196 193 205 213 219 222 226 229 230 232 235 236 233 226 230 245 247 246 230 215 215 227 240 247 247 244 245 248 246 242 226 240 240 218 224
164 158 148 150 154 166 196 224 235 242 245 216 165 144 134 157 185 214 247 266 272 272 234 181 189 188 195 206 214 214 208 213 230 232 215 224 220 196 183 211 214 213 211 208 206 205 201 196 190 184 173 164 162 192 199 206 212 217 222 226 228 228 230 228 231 231 223 219 239 244 245 235 213 199 226 237 245 244 241 243 244 245 244 236 243 231 215 219
180 170 151 147 156 168 194 215 229 242 246 218 164 146 164 186 197 208 233 254 264 270 268 233 203 196 205 199 206 215 220 223 226 236 229 222 223 205 179 204 213 214 213 211 209 207 204 200 195 188 162 145 153 179 194 204 208 216 220 224 225 223 218 214 222 225 224 225 229 234 248 238 221 200 221 237 242 238 235 236 235 235 228 231 233 213 210 210
207 196 163 149 154 167 182 211 216 235 246 230 174 171 194 201 215 221 233 247 259 267 270 265 240 231 230 226 216 207 218 230 228 239 239 229 227 215 190 205 210 211 213 213 210 209 208 205 199 191 176 151 149 177 189 200 201 207 213 219 221 218 203 213 226 229 236 234 233 232 246 242 234 213 226 237 240 229 228 227 224 223 214 226 221 199 202 198
212 205 176 159 154 175 198 215 221 216 240 240 192 177 191 188 206 206 221 234 249 258 261 266 266 256 245 233 223 206 209 230 237 241 242 238 231 223 208 214 211 206 208 211 210 211 210 210 200 190 182 162 174 186 177 191 198 206 211 211 210 212 197 217 234 239 238 237 235 230 238 249 245 225 228 237 235 227 222 216 212 210 214 222 210 194 194 190
218 213 195 187 176 173 203 224 228 216 208 240 224 204 193 196 206 205 224 241 244 238 229 247 260 266 264 241 222 212 204 228 238 240 241 239 232 212 212 218 212 203 199 201 200 209 215 215 213 206 194 176 184 194 183 191 203 211 209 208 209 204 207 230 239 239 236 233 230 224 245 251 249 238 232 235 232 224 216 206 196 199 205 217 213 198 185 169
221 218 208 200 186 190 215 231 232 220 195 220 237 209 201 211 221 226 235 235 228 209 212 225 242 261 268 262 242 234 214 228 230 230 240 238 229 221 220 218 206 181 186 190 195 202 215 217 218 216 206 192 182 196 204 207 212 217 216 214 208 206 225 237 239 237 229 226 225 224 242 246 239 237 228 232 230 223 213 203 191 184 193 209 215 206 179 160
221 221 217 206 200 209 225 233 233 230 214 195 228 223 223 225 230 233 228 219 219 209 217 231 233 248 264 267 259 251 245 239 238 237 240 240 226 218 221 213 186 166 172 188 199 207 213 218 219 220 216 205 186 194 211 215 213 217 217 209 211 223 235 237 237 230 219 216 220 235 246 248 236 231 223 227 229 224 214 204 192 183 192 205 213 213 204 188
221 221 220 214 214 214 230 233 233 233 222 187 215 232 226 225 226 223 205 214 223 223 228 237 230 238 258 265 264 261 255 243 250 250 250 245 235 228 225 216 193 165 157 183 199 200 199 207 218 221 221 211 186 196 214 220 216 212 213 207 207 224 228 232 233 226 207 205 216 238 251 254 241 228 217 222 228 225 218 206 198 188 194 204 210 214 214 210
221 219 221 222 222 224 230 233 233 234 228 206 207 229 218 196 210 213 208 217 220 225 231 224 219 235 257 263 264 264 262 259 260 257 254 250 245 240 233 224 216 195 196 200 203 199 194 192 204 220 221 219 201 192 217 222 217 206 202 191 193 212 218 225 228 219 197 196 218 237 250 257 245 235 225 219 225 224 217 204 198 190 197 206 209 216 216 215
219 217 221 224 224 223 228 232 233 233 216 189 192 217 228 213 198 196 189 201 211 215 218 222 227 241 251 254 254 259 262 261 260 257 257 254 250 241 240 233 227 220 216 214 208 207 204 197 188 207 211 208 200 203 219 223 216 193 188 170 182 200 203 213 220 218 209 198 214 232 249 257 251 241 226 214 219 224 220 207 197 199 201 197 203 215 215 215
218 215 213 215 218 221 226 229 230 225 193 188 202 220 226 220 210 201 194 198 199 213 222 232 230 228 232 236 239 240 246 246 250 253 257 255 252 247 242 235 228 219 210 212 209 209 209 204 198 189 182 191 208 219 223 219 210 185 181 158 167 189 192 200 212 216 214 203 206 236 247 256 256 244 227 202 206 218 220 216 209 203 189 182 200 213 215 214
209 206 207 208 218 224 226 224 221 223 217 215 220 226 228 226 222 216 206 205 209 217 226 229 229 224 215 212 216 213 201 208 221 240 252 256 254 248 240 232 225 216 205 208 204 207 210 206 191 174 168 196 213 222 224 220 211 196 186 160 169 184 188 194 203 211 212 207 215 235 248 256 255 243 223 193 198 214 218 216 212 205 188 174 197 211 214 213
205 207 213 217 222 223 222 220 220 221 222 223 222 221 218 218 219 206 188 194 197 200 203 215 213 204 196 198 196 189 179 174 176 214 243 255 256 244 231 221 218 211 204 202 205 208 208 204 184 152 160 192 210 221 225 224 220 207 196 173 175 185 193 198 201 206 206 208 227 237 250 258 257 247 232 207 202 212 216 215 211 204 186 158 188 205 210 212
204 206 205 210 216 217 214 216 218 217 214 209 217 215 205 209 212 209 202 198 205 210 202 196 197 200 199 199 206 200 197 189 180 200 236 252 255 249 240 224 211 202 197 194 199 205 206 203 194 184 177 181 198 214 223 225 223 216 207 192 182 180 195 203 206 207 205 214 229 241 251 258 259 252 239 213 204 210 214 214 209 198 183 164 181 195 205 209
207 206 196 192 205 210 214 215 209 207 205 197 196 198 195 205 206 209 205 206 208 211 210 210 205 187 194 202 207 209 211 209 210 220 238 254 255 248 238 228 215 199 200 196 193 199 202 203 200 193 172 173 179 201 222 225 224 218 209 196 183 182 196 205 211 213 212 212 229 241 251 258 260 257 245 224 206 208 212 212 209 199 189 177 164 172 192 204
206 205 200 204 207 199 211 209 204 199 187 194 200 194 185 195 200 206 209 204 204 206 208 212 211 207 210 211 216 214 216 222 224 235 246 253 253 250 239 225 214 211 214 205 196 197 200 200 198 194 185 174 181 207 220 223 221 216 203 191 181 188 198 206 213 217 219 220 226 234 245 254 260 258 249 238 222 208 206 205 206 204 199 191 165 173 188 198
195 195 200 212 213 211 210 202 194 199 189 192 204 206 204 203 199 203 211 207 194 193 206 212 218 222 224 226 227 228 229 230 230 236 251 254 252 254 250 240 231 228 221 211 203 192 196 196 194 191 184 174 194 211 219 218 213 205 189 180 182 191 196 210 217 222 224 225 223 224 236 246 254 260 253 244 230 211 199 196 200 204 205 199 185 171 191 197
202 205 209 214 215 215 211 201 194 196 195 191 205 208 209 208 206 207 209 200 205 206 212 214 221 224 217 217 225 230 229 234 235 238 238 246 247 254 253 248 242 237 230 219 205 192 194 193 188 179 177 181 201 210 212 210 203 194 185 186 188 187 193 207 221 226 228 227 221 214 219 233 241 259 254 244 232 213 194 202 209 210 209 205 191 177 194 200
206 207 208 212 215 213 211 205 197 199 199 193 206 210 210 210 210 208 203 201 199 211 214 220 224 220 208 228 238 240 236 236 234 233 222 222 236 251 254 251 247 242 236 226 214 202 199 196 186 174 177 189 200 201 195 180 164 175 186 192 194 195 199 204 223 230 231 227 219 206 200 219 236 256 256 246 233 213 192 208 214 214 213 210 199 181 192 202
208 208 207 207 211 211 207 204 201 202 205 206 209 210 210 210 207 206 204 195 196 204 211 221 226 226 228 238 242 243 242 232 230 226 222 235 240 252 254 252 249 245 239 230 218 209 203 193 189 188 190 197 198 188 175 169 166 178 190 196 199 202 204 199 225 233 233 228 219 206 208 225 240 255 258 249 235 218 201 211 216 218 217 214 207 192 197 202
209 209 209 208 203 202 211 208 205 206 207 205 204 208 204 207 202 198 206 205 203 212 212 217 227 228 231 235 239 241 247 247 236 222 226 244 247 254 255 253 251 247 237 230 222 214 206 196 198 204 207 208 201 184 171 176 181 186 193 199 203 205 208 204 225 234 236 231 224 218 223 233 246 257 260 251 240 227 209 209 217 220 220 219 213 200 203 200
208 208 209 210 210 209 212 216 213 211 200 204 209 207 203 203 202 200 211 215 219 226 223 221 222 220 223 228 234 241 247 250 250 244 240 246 245 251 255 255 253 248 234 223 220 213 209 209 214 219 220 213 201 180 178 181 187 192 196 202 205 209 211 211 223 234 237 235 229 224 228 238 253 261 261 252 242 231 215 204 216 222 223 221 218 212 206 197
205 206 208 211 212 214 217 220 220 220 216 212 215 211 202 198 198 198 217 227 233 235 234 230 220 216 218 222 232 237 238 245 246 251 248 245 253 255 256 256 253 250 243 221 222 207 205 218 226 228 224 214 193 176 181 182 193 199 202 206 208 209 213 215 226 235 239 240 235 231 240 250 262 263 258 251 242 233 222 197 213 223 225 223 220 215 203 195
207 207 209 210 212 215 219 221 222 222 223 221 218 212 201 191 192 199 217 227 233 236 237 236 231 227 228 228 231 239 239 237 239 251 252 253 254 255 255 255 254 250 247 239 224 221 216 225 233 232 223 209 191 188 194 194 204 205 198 208 212 212 218 216 225 232 237 242 240 233 244 258 265 265 259 251 241 229 223 206 209 225 227 225 222 217 211 193
208 209 210 211 212 213 217 220 221 222 223 222 220 216 209 206 208 211 209 210 220 233 236 236 236 234 233 235 239 240 238 240 242 247 251 253 253 254 253 249 248 251 250 245 236 233 233 237 238 231 220 201 195 190 205 210 212 210 211 213 219 222 222 222 226 224 234 242 244 234 237 261 266 265 261 255 246 233 225 207 216 225 228 227 224 220 215 201
