Lab10/future/bio15.asc
NCOLS 269 
NROWS 261 
XLLCORNER -125 
YLLCORNER 32.25 
CELLSIZE 0.0416666666666667 
NODATA_value -32768 
[rows 43 to 85 of 261, columns 96 to 191 of 269]
45 45 45 43 43 42 42 41 41 41 41 41 40 39 39 39 38 39 39 40 38 41 42 40 37 36 35 35 34 34 34 33 33 33 32 32 32 31 31 31 31 30 31 31 31 30 30 29 30 31 32 33 33 33 34 34 34 33 33 31 30 30 30 31 32 32 32 32 32 32 32 32 32 32 32 32 33 33 34 34 34 34 34 34 35 34 34 34 33 33 33 32 32 32 31 31
47 46 46 44 43 42 41 41 41 41 42 41 40 39 39 39 38 38 39 40 37 38 41 41 38 36 35 35 35 34 34 34 33 33 32 32 32 31 31 31 31 30 31 32 33 30 30 30 30 31 32 33 33 34 34 34 33 33 32 30 30 30 30 31 32 32 32 32 32 32 32 32 32 32 31 32 33 32 34 34 33 33 33 33 34 34 34 33 33 33 33 32 31 31 31 30
48 48 47 46 43 43 42 41 41 40 40 41 41 39 39 38 39 37 38 39 39 37 40 41 39 35 35 35 35 34 34 33 33 32 32 32 32 31 31 31 31 30 30 31 33 32 31 30 31 32 32 32 32 32 32 32 32 32 30 30 31 31 31 32 32 31 30 30 30 31 31 32 32 32 31 31 33 32 32 33 33 33 32 33 33 32 33 33 32 31 32 32 31 31 30 30
50 48 47 46 44 43 42 42 41 40 40 40 39 38 39 38 37 38 38 38 38 36 37 40 39 35 35 35 35 34 33 33 33 33 32 32 32 31 31 31 30 30 30 30 32 32 32 31 31 32 32 32 32 32 32 32 32 31 29 30 31 31 31 31 31 31 30 30 30 30 31 31 31 32 31 31 32 31 32 32 32 32 32 33 33 32 33 32 31 31 31 31 31 31 30 30
50 49 48 46 44 43 42 42 41 40 40 39 38 38 38 37 37 37 39 40 39 37 36 37 37 36 35 35 34 33 33 33 33 32 32 32 31 31 30 30 30 30 30 30 32 32 31 31 30 31 32 32 32 32 32 31 31 30 29 30 30 30 30 30 30 29 29 30 31 30 31 31 31 31 31 31 32 31 32 32 32 32 32 32 32 32 32 31 30 31 31 30 29 29 30 29
50 49 48 47 45 44 43 42 41 40 40 40 38 38 37 37 37 38 38 39 39 37 35 35 35 37 37 36 34 34 33 33 33 32 32 32 31 32 31 30 30 30 30 30 32 32 32 32 31 30 32 32 31 31 31 31 31 30 29 30 30 30 29 29 29 29 30 31 31 30 30 31 31 30 31 31 31 32 32 31 30 30 30 31 32 32 31 30 31 30 29 29 29 28 29 28
49 48 48 46 45 44 44 43 42 41 40 39 38 37 37 37 36 36 36 37 36 36 35 35 35 37 37 35 35 34 34 32 32 32 32 31 31 31 30 30 30 30 29 30 32 33 32 32 31 31 32 31 30 30 30 30 29 29 29 29 30 30 29 29 29 29 30 31 31 30 29 30 30 30 30 30 30 31 31 30 30 30 30 30 30 30 30 30 30 30 30 29 29 29 28 28
50 48 48 47 46 45 44 43 42 41 40 39 38 38 38 38 36 37 36 36 35 35 35 36 36 37 37 36 34 34 34 33 32 32 32 32 31 31 31 31 31 31 29 30 32 32 32 32 30 30 31 31 30 30 30 29 29 29 29 28 29 29 29 29 29 30 30 31 30 29 30 30 30 30 30 30 30 30 30 30 30 30 30 29 30 30 30 30 30 30 30 29 29 29 29 27
51 49 48 47 47 46 44 44 43 41 40 39 38 38 39 39 37 36 36 35 35 35 36 34 35 36 36 35 35 34 34 34 33 32 31 31 31 31 32 32 33 31 29 30 32 31 31 31 30 30 29 29 30 29 30 29 29 28 28 29 28 28 28 28 28 29 29 29 29 29 29 29 29 29 30 29 29 30 30 29 30 30 30 29 29 29 29 29 30 30 30 29 28 28 28 27
52 51 50 48 47 46 45 44 43 42 40 39 39 40 40 37 36 36 35 35 35 36 36 35 34 34 34 34 35 34 34 33 32 32 31 31 31 31 33 33 34 33 31 32 32 31 31 31 30 30 29 29 29 29 29 29 28 28 28 28 28 28 28 28 29 29 28 29 28 28 29 29 29 29 29 29 30 30 29 30 29 28 29 29 29 29 29 29 29 30 30 29 28 28 27 27
55 53 51 50 49 48 47 45 44 43 42 40 38 37 36 36 36 36 36 36 35 35 35 35 35 35 33 33 34 33 33 32 32 32 32 31 31 31 32 33 33 33 33 32 32 31 32 31 30 30 28 28 29 28 27 28 28 28 28 28 28 28 27 27 28 28 28 28 28 28 28 29 29 29 29 29 29 29 29 28 28 28 28 29 29 28 28 28 29 30 29 28 29 29 28 28
56 53 51 50 50 49 48 47 45 44 42 41 38 37 36 36 36 36 36 36 36 35 35 35 35 35 34 33 33 34 33 32 32 32 34 32 31 31 31 33 34 33 33 33 32 31 31 30 30 29 28 28 28 27 28 27 27 27 27 27 27 27 27 27 28 28 27 27 27 27 28 28 28 28 28 28 29 29 28 28 27 28 28 29 29 28 28 29 29 28 28 27 28 28 28 27
55 53 52 52 51 50 49 48 46 45 43 42 40 40 38 38 37 37 37 37 36 36 35 35 34 34 34 33 34 34 32 32 32 32 32 33 32 32 31 33 34 33 32 33 32 31 31 30 30 29 29 29 28 28 27 26 26 27 26 26 26 26 27 26 27 27 26 26 26 27 28 29 28 27 27 27 28 27 28 27 27 27 27 27 28 28 28 28 27 27 27 27 27 26 26 27
56 55 54 53 52 51 50 49 48 46 45 44 42 42 40 39 38 39 38 38 37 36 36 35 35 34 35 35 35 33 33 32 32 32 32 34 34 32 32 32 33 32 33 32 31 31 30 29 28 28 28 28 28 27 27 27 26 26 26 26 26 26 26 26 26 26 26 26 26 27 28 28 27 27 26 27 27 27 27 28 27 27 27 27 28 28 27 27 26 26 26 26 26 26 26 26
57 57 56 55 54 53 53 51 49 48 46 45 44 43 41 40 39 40 40 38 37 37 36 35 35 35 35 36 36 34 33 32 32 32 35 36 35 33 31 31 32 33 33 32 30 30 29 29 28 27 27 27 26 26 26 26 26 25 25 25 25 25 26 26 26 26 26 26 26 27 27 27 26 26 26 26 27 26 27 27 27 26 26 26 28 27 26 26 26 26 26 26 25 25 26 25
60 59 58 57 57 56 55 54 50 50 48 48 46 44 43 42 41 40 40 40 38 38 37 36 35 35 35 36 38 36 34 33 33 35 37 37 36 35 34 33 33 32 30 31 30 28 27 28 27 27 26 26 26 26 26 25 26 25 25 25 25 25 25 25 26 26 26 26 26 26 27 26 26 26 26 26 26 27 27 27 27 26 26 26 27 26 26 26 26 26 26 25 25 25 25 25
61 58 58 58 59 59 57 56 52 51 49 50 48 47 44 44 42 43 41 40 39 39 38 39 39 37 36 37 39 40 39 36 36 38 37 36 35 35 34 34 33 30 29 31 29 28 27 27 26 26 26 25 26 25 25 25 24 24 25 25 24 24 25 25 24 24 25 25 25 26 25 25 25 26 26 25 26 27 27 27 27 26 26 26 26 26 25 26 26 25 25 25 25 25 24 24
63 60 58 60 61 61 58 57 54 53 51 50 50 50 48 46 45 45 45 42 40 39 38 39 42 40 38 37 41 42 41 40 39 38 38 36 34 35 35 34 32 29 29 30 28 28 27 27 26 25 25 25 25 25 25 25 24 24 24 24 24 24 24 25 24 24 24 24 24 24 25 25 25 25 24 25 26 26 27 27 27 26 26 25 25 25 25 26 26 25 25 25 25 25 24 24
62 62 60 62 63 62 57 59 59 58 55 51 52 53 52 51 51 50 48 46 42 40 41 42 43 43 38 39 43 43 41 40 40 39 37 33 35 36 35 34 31 29 29 29 29 28 27 26 26 25 25 25 25 26 24 24 24 24 23 23 23 23 23 23 24 23 24 25 24 24 24 25 25 24 24 24 25 26 25 26 26 25 25 25 25 25 24 25 25 25 24 24 24 24 24 24
65 64 63 63 62 62 58 58 59 59 58 54 56 56 54 53 53 52 50 48 46 43 42 41 40 39 43 43 44 43 41 41 40 37 33 32 35 36 35 33 30 29 29 29 28 28 28 26 25 26 25 25 25 25 24 24 25 23 23 23 24 23 23 23 23 23 23 25 24 24 24 24 25 24 24 24 24 24 24 26 25 25 25 24 24 24 25 25 24 25 25 24 24 24 24 23
67 66 65 63 60 60 61 59 58 59 58 58 59 59 56 52 54 53 51 49 46 46 44 41 40 39 44 45 44 43 42 41 41 35 32 32 35 36 33 32 30 29 29 29 29 28 27 27 26 26 25 24 24 24 24 24 24 23 23 23 22 22 22 23 23 23 22 24 23 23 24 24 24 24 24 24 24 23 24 24 25 25 25 24 24 24 25 24 24 24 23 23 23 23 23 22
69 68 68 67 64 65 67 68 68 69 62 62 63 63 56 51 52 54 52 51 47 45 43 42 41 40 42 46 45 45 43 42 39 34 33 33 35 36 34 31 30 29 28 29 29 29 29 28 27 27 26 25 24 24 24 23 23 23 23 22 22 22 23 22 22 22 22 24 22 23 24 24 24 24 24 24 23 24 23 25 25 25 24 24 24 24 24 24 24 24 23 23 23 23 23 23
71 68 69 69 71 71 70 70 72 72 70 69 67 66 61 59 59 57 54 49 46 44 43 43 43 40 41 44 46 45 45 42 35 34 33 33 36 36 34 31 31 30 29 29 28 29 27 26 26 26 26 25 24 24 24 23 23 22 23 22 22 22 22 22 22 22 22 24 22 23 23 23 24 24 25 24 23 23 23 25 25 25 23 24 23 24 24 24 24 23 23 23 23 22 23 23
74 73 71 69 71 70 69 70 72 71 70 69 67 66 66 65 62 61 59 54 46 46 44 44 44 41 44 44 47 46 46 43 37 34 33 34 37 37 35 33 32 29 30 28 28 29 27 26 26 26 26 24 24 24 23 22 23 22 22 22 22 22 21 21 22 22 22 23 22 22 23 23 23 24 25 24 23 22 23 25 25 24 23 23 23 24 24 24 23 23 23 23 23 22 23 22
76 76 71 67 68 67 65 63 63 66 71 70 68 67 67 65 63 62 61 58 51 49 48 47 45 43 46 45 47 47 46 41 40 36 34 34 36 35 32 35 34 30 29 29 28 27 26 26 28 27 27 25 24 23 23 23 22 22 22 21 21 22 22 22 21 21 21 21 21 21 23 23 23 24 24 23 22 22 22 24 25 23 23 23 23 23 23 23 23 23 23 23 23 22 22 22
78 78 75 70 68 71 69 65 64 63 62 66 69 69 68 66 64 63 62 60 59 57 54 52 49 46 44 45 45 46 46 42 41 40 39 35 33 32 32 36 35 32 29 29 27 26 26 26 27 27 26 26 23 23 22 22 22 21 21 22 23 23 21 21 21 21 21 21 21 21 22 23 23 23 24 22 22 22 23 25 24 22 23 23 23 23 23 23 23 23 22 23 22 22 22 22
72 75 77 74 73 75 72 69 68 66 64 63 64 69 69 67 65 64 63 61 60 58 56 55 54 52 47 47 46 43 40 40 41 44 42 37 33 32 33 35 34 31 28 27 27 26 26 26 27 27 26 25 23 22 23 22 22 22 21 20 21 21 22 21 20 20 21 21 21 21 22 22 22 22 24 22 21 22 24 25 23 22 22 23 23 22 22 22 22 22 22 22 22 22 22 22
82 80 75 78 78 77 68 68 70 71 67 64 62 63 67 67 66 65 63 62 60 58 57 56 55 53 51 49 47 45 45 45 46 45 43 40 33 33 33 36 35 31 28 27 27 26 26 26 27 26 26 25 24 22 22 22 22 22 20 20 20 20 21 20 20 20 21 20 20 20 22 22 22 22 23 22 21 22 24 25 24 22 23 24 23 22 22 22 22 22 22 22 21 21 22 22
83 84 83 81 82 77 69 70 71 70 68 66 64 62 61 63 64 65 64 63 60 58 57 57 55 54 52 51 46 44 48 47 47 45 44 42 33 32 34 36 34 29 28 27 26 25 26 26 26 26 25 24 23 22 22 22 22 22 21 21 20 20 21 20 20 21 21 21 20 21 22 23 21 22 23 21 20 22 23 24 24 24 24 24 22 22 22 22 22 22 22 21 20 21 21 21
82 83 84 83 83 78 74 71 74 69 69 68 66 64 62 61 59 58 61 62 60 58 56 58 56 55 53 49 44 42 45 48 48 46 44 43 34 33 33 37 34 29 28 27 26 26 25 26 25 25 24 23 23 22 22 22 21 21 22 23 22 21 20 20 20 21 21 21 21 22 22 22 22 22 21 20 20 23 23 23 23 23 23 22 22 21 22 22 22 22 21 20 21 21 21 21
85 83 80 82 81 81 80 80 76 72 70 68 66 65 63 62 60 59 57 57 61 60 53 52 53 51 48 44 43 43 42 48 48 47 44 42 38 32 35 37 34 29 28 27 26 26 25 25 25 25 24 24 22 22 22 21 22 23 22 23 21 21 20 20 20 20 20 21 21 20 20 20 20 20 19 20 21 22 23 23 23 23 22 21 21 21 21 21 21 21 20 20 21 21 21 21
86 85 79 79 75 79 80 76 73 72 71 69 68 66 64 63 61 60 58 57 56 60 57 50 50 47 46 45 45 45 44 41 46 47 44 43 37 33 36 37 34 29 28 27 27 26 25 25 25 24 24 24 23 22 22 21 23 23 22 22 21 20 20 20 21 21 21 20 19 20 19 19 19 19 19 19 22 22 22 22 23 22 20 20 21 21 21 21 21 21 20 20 21 21 21 21
86 86 85 83 77 73 76 74 70 70 72 71 69 68 66 64 62 61 59 58 56 57 61 57 52 51 48 45 44 44 46 42 42 47 44 43 37 33 35 35 33 30 28 27 27 26 25 24 25 24 23 23 23 22 22 22 22 22 21 20 20 20 20 19 20 20 20 20 19 19 18 19 18 18 19 20 21 21 22 21 21 20 20 20 20 20 20 20 20 21 20 20 21 21 21 21
86 86 85 85 83 80 75 74 74 73 72 71 70 69 67 65 64 62 60 59 58 56 56 57 53 52 49 46 45 44 42 41 40 44 44 43 41 37 35 35 32 30 28 27 27 25 25 24 24 23 23 23 22 22 22 22 22 21 21 21 22 21 21 19 19 20 20 20 19 18 18 18 19 20 20 20 20 21 22 19 20 20 20 20 20 19 20 20 20 21 21 21 21 21 21 20
83 82 83 85 84 84 81 77 75 74 73 72 71 69 68 67 65 63 61 59 58 58 55 57 53 51 49 47 46 45 46 42 41 42 42 42 41 39 37 34 31 29 28 27 26 25 26 25 24 23 22 22 21 21 21 21 21 22 21 21 22 22 22 20 20 20 20 18 18 18 18 18 21 20 20 19 19 20 19 19 19 19 19 19 20 19 19 20 20 20 21 20 20 20 20 20
85 84 84 85 83 83 82 81 77 74 73 73 72 71 69 68 66 64 61 60 58 57 57 55 53 52 49 48 47 45 47 47 44 40 38 36 37 39 36 34 32 30 28 27 26 25 26 25 23 22 23 22 22 21 21 21 22 22 21 21 21 21 21 19 19 20 19 18 18 18 17 19 21 20 20 20 19 19 19 19 18 19 19 19 19 19 19 20 20 20 21 21 20 20 20 20
86 84 81 82 83 79 81 81 80 76 76 76 74 72 71 70 67 65 62 60 58 58 57 55 55 52 50 49 47 45 46 45 44 40 39 38 38 34 35 34 31 30 27 28 26 25 25 23 23 23 22 22 21 20 21 21 21 21 20 20 21 21 20 19 19 19 19 18 17 17 18 20 21 19 18 18 18 18 18 18 18 18 18 19 19 20 19 19 19 20 20 20 20 20 20 20
85 84 81 81 82 80 79 81 82 81 79 77 75 73 72 71 68 66 64 62 60 58 58 56 56 53 51 50 48 46 46 44 43 42 37 38 41 36 32 33 30 29 27 28 26 25 24 23 23 23 22 22 21 19 21 21 21 21 21 20 21 21 20 19 19 19 18 17 18 19 21 21 19 18 18 17 17 17 18 17 18 18 18 18 18 19 19 19 19 20 20 20 19 20 20 20
86 85 84 81 82 79 79 80 80 81 81 78 76 75 73 72 70 68 65 64 63 61 58 56 56 53 52 51 49 47 45 44 41 40 38 37 40 37 32 31 31 28 28 27 26 25 23 23 22 22 22 22 22 21 22 21 21 21 21 21 20 20 19 19 18 18 18 17 19 20 21 20 18 18 17 17 17 17 17 17 17 18 19 18 18 18 18 19 19 20 20 19 19 20 20 20
87 87 85 84 83 82 80 78 78 77 77 78 77 77 75 74 72 70 67 66 65 63 60 58 56 54 54 52 50 48 46 44 42 41 38 38 40 39 32 32 31 29 27 27 26 24 24 24 23 23 22 21 21 22 21 21 21 21 21 21 20 20 19 19 18 18 18 18 19 20 19 19 17 17 17 16 17 17 17 17 17 17 18 17 18 18 18 18 19 19 20 19 19 20 20 20
88 88 86 85 85 85 82 79 79 78 77 76 76 78 77 75 72 71 69 67 66 65 62 59 57 56 55 53 50 48 45 43 42 42 42 40 42 37 32 30 30 28 28 26 25 24 23 23 23 23 21 21 21 21 21 21 21 21 22 22 21 21 21 19 18 18 18 17 18 18 18 17 16 16 16 16 17 16 16 16 15 16 17 17 18 18 18 18 18 19 19 19 19 20 20 19
89 88 87 86 87 86 83 81 79 81 78 77 76 78 78 77 73 72 70 69 67 65 64 61 60 59 55 53 50 48 45 43 42 41 40 38 37 34 32 30 29 28 27 26 25 23 23 23 23 22 22 21 21 21 21 21 21 21 22 21 21 21 21 19 19 18 19 17 18 18 18 17 16 17 17 17 17 16 15 15 15 16 17 16 17 17 18 18 19 19 19 19 19 20 20 18
90 89 88 88 87 86 86 85 84 83 81 78 75 76 77 77 75 73 71 69 68 67 65 62 61 60 57 53 49 47 45 44 43 41 39 37 35 34 32 33 29 28 26 25 24 23 23 22 22 22 22 21 21 21 21 21 21 21 21 21 21 21 20 19 19 19 19 18 18 19 17 16 16 18 18 16 16 15 15 15 16 16 16 16 16 17 17 17 18 18 18 19 18 19 19 18
