Lab10/future/bio2.asc
NCOLS 269 
NROWS 261 
XLLCORNER -125 
YLLCORNER 32.25 
CELLSIZE 0.0416666666666667 
NODATA_value -32768 
[rows 78 to 116 of 261, columns 88 to 175 of 269]
153 146 146 146 146 154 151 151 160 159 161 169 163 167 174 173 161 155 159 163 173 176 175 178 171 172 177 175 176 174 176 174 170 172 171 171 170 169 173 174 174 173 171 174 178 181 181 182 182 182 179 180 179 179 182 182 182 182 182 182 182 181 181 181 181 181 181 181 181 181 181 182 182 182 181 177 171 170 175 182 185 185 185 185 185 184 183 182
148 150 147 144 149 155 169 171 160 150 147 152 158 151 161 169 169 160 170 178 182 181 183 184 183 183 181 180 179 177 176 174 166 172 171 171 170 171 172 174 175 174 170 167 166 176 182 184 183 184 182 174 176 179 184 184 182 181 181 182 182 181 181 181 181 181 181 181 181 181 181 181 182 182 180 174 176 178 182 184 185 185 185 184 184 181 178 179
156 157 150 159 162 154 148 150 151 147 144 145 150 149 149 163 172 174 176 177 174 169 182 184 184 183 182 181 179 177 177 175 165 171 171 169 170 171 172 174 175 177 176 171 161 170 179 184 183 183 183 174 178 181 184 184 182 181 181 181 181 181 181 181 181 181 180 180 180 181 181 181 181 181 176 175 180 183 184 184 184 184 184 183 181 177 172 173
159 160 160 159 150 145 144 145 148 145 147 143 146 144 147 152 157 168 176 172 173 178 182 184 184 184 183 180 170 176 178 176 170 173 172 171 171 172 172 174 173 176 177 173 165 169 178 184 186 183 182 177 179 185 185 184 183 182 182 182 181 181 181 180 180 180 180 180 180 180 180 181 181 179 173 179 182 183 184 184 184 183 183 180 177 173 168 170
156 157 156 154 149 147 148 144 146 149 146 146 145 146 146 145 149 149 155 167 171 180 183 184 185 184 184 178 164 172 177 177 175 174 171 171 171 172 174 176 174 172 176 173 165 166 177 186 188 188 183 179 184 186 185 183 182 183 182 182 181 181 180 180 180 180 179 179 180 180 180 180 180 177 174 181 183 183 183 184 183 182 180 175 167 166 169 175
154 155 155 154 152 152 151 149 147 148 145 143 148 150 148 145 148 149 150 152 159 178 182 181 178 176 184 178 160 165 175 179 177 175 173 172 173 173 177 178 175 171 170 169 163 173 181 187 189 189 188 187 187 187 184 183 184 183 182 182 181 180 180 179 179 179 179 179 179 180 180 180 179 176 173 180 182 183 183 183 181 177 176 173 167 171 177 178
150 155 155 152 153 154 152 150 149 145 143 146 158 157 146 145 145 153 149 150 153 170 182 183 174 170 174 172 165 148 168 178 172 164 174 175 174 176 178 179 178 177 175 177 177 181 183 187 188 189 189 189 188 187 186 185 184 184 182 181 180 180 179 179 178 178 178 179 179 179 179 179 178 175 169 179 182 182 182 181 174 168 167 166 169 177 179 179
150 152 155 155 152 153 155 153 147 146 153 159 160 156 152 150 151 153 152 148 145 151 172 178 176 166 164 158 169 156 171 177 171 167 173 177 178 179 181 179 177 179 183 185 185 183 182 179 184 189 188 188 188 188 187 186 185 184 182 181 180 179 178 178 178 178 178 178 178 179 179 177 172 170 171 180 182 182 182 180 173 163 163 171 177 179 179 179
150 152 154 153 153 156 159 158 158 156 154 142 139 145 140 142 144 147 151 149 149 146 154 157 166 168 164 160 173 171 165 182 183 182 180 180 181 182 182 181 181 183 177 178 184 184 177 173 181 186 188 186 186 187 187 186 185 184 182 181 179 178 178 177 177 177 177 178 178 178 178 175 169 171 176 180 181 181 181 179 174 160 164 175 179 179 179 178
149 150 152 153 155 156 157 153 149 145 141 140 140 140 142 141 142 145 147 151 147 148 152 152 157 163 170 171 179 182 160 170 176 169 176 181 182 183 183 179 181 182 176 175 175 178 179 175 173 180 188 189 188 188 188 187 185 184 182 181 179 178 177 176 176 177 177 178 178 178 177 175 172 175 178 180 181 180 178 176 173 170 170 177 179 178 178 175
147 149 151 152 154 155 157 154 151 151 152 151 149 147 137 139 141 144 145 146 145 144 145 142 149 157 165 172 184 188 171 180 153 145 153 172 183 184 185 180 175 180 181 176 170 171 181 186 186 187 190 191 190 189 188 187 186 185 182 181 179 177 176 176 176 177 177 177 178 177 177 176 176 177 179 180 181 178 176 175 176 176 177 178 176 169 173 171
146 147 149 150 152 154 155 157 154 147 145 137 140 147 137 139 140 141 142 143 149 147 143 142 150 158 165 180 185 189 176 176 150 139 149 164 180 184 185 174 172 173 175 169 178 186 189 190 191 192 192 192 190 190 188 187 186 185 183 181 179 178 176 176 176 177 177 177 178 178 177 178 178 178 180 180 180 178 176 177 178 177 180 179 176 163 164 169
145 146 148 149 151 153 154 155 156 153 153 149 154 151 151 143 140 145 146 147 145 143 146 142 149 154 164 175 186 182 175 163 149 137 145 166 180 183 182 174 166 171 171 182 188 191 192 192 189 190 192 192 191 191 189 188 187 186 183 182 180 179 178 177 177 177 177 178 178 178 177 178 179 179 180 180 180 180 178 178 179 179 180 180 177 161 163 169
144 145 147 148 149 151 153 154 153 148 145 142 138 139 137 140 143 143 146 148 149 152 150 148 151 164 169 174 181 174 157 148 142 138 143 163 184 182 173 162 168 181 188 192 192 192 193 193 189 192 193 193 192 192 190 189 188 186 184 183 181 180 179 178 178 178 178 178 178 178 178 178 179 179 180 180 180 180 179 180 181 181 181 179 178 169 165 167
144 144 145 147 148 150 152 152 149 146 149 140 140 142 139 139 142 141 144 146 148 149 156 155 145 149 155 163 160 157 150 147 147 150 148 172 185 185 171 168 181 186 192 193 191 188 192 193 194 194 194 193 193 192 191 190 188 187 185 183 182 181 180 179 178 178 178 178 179 179 179 178 179 179 180 179 179 180 180 181 181 181 180 180 180 173 170 173
143 143 144 145 147 149 150 150 148 148 150 146 145 139 144 145 142 144 150 155 152 156 152 153 147 141 150 153 144 152 162 162 164 161 151 167 183 182 176 181 189 192 192 190 176 179 185 190 194 195 194 190 181 187 191 188 188 187 186 183 181 182 180 180 179 179 179 178 179 179 179 178 179 180 180 178 175 178 179 180 180 179 178 180 180 177 171 175
142 143 144 145 146 147 148 148 150 150 151 148 144 148 152 146 146 147 145 146 152 145 153 153 143 140 151 151 152 158 161 161 161 159 145 149 177 188 189 190 188 186 188 175 161 173 177 184 194 196 195 193 192 193 193 190 185 186 184 182 181 182 181 180 180 179 179 178 178 179 178 178 179 180 179 177 175 177 178 179 179 179 177 179 180 177 176 179
142 142 143 144 145 146 147 148 148 149 148 149 144 141 140 141 142 145 146 144 147 148 156 146 142 146 142 148 156 158 158 158 158 155 144 148 170 187 189 187 180 174 182 169 158 170 170 182 194 196 196 197 196 196 194 193 190 189 187 184 183 183 182 181 180 180 179 178 178 178 176 177 179 179 179 178 179 178 178 180 180 179 179 180 179 179 180 181
141 141 142 143 144 145 146 147 147 148 148 146 142 141 139 143 146 145 145 147 150 152 152 152 150 146 141 147 156 156 157 156 156 152 149 164 178 188 190 182 169 167 172 167 162 175 181 191 191 195 197 197 197 196 195 193 191 189 188 185 183 183 182 182 181 180 179 179 178 178 177 175 179 179 178 178 179 179 180 180 180 180 180 181 181 180 181 182
141 141 141 142 142 143 145 146 146 147 149 149 144 141 144 150 145 144 144 149 150 152 153 149 154 144 140 140 152 155 156 155 155 151 143 160 186 191 188 186 176 171 162 163 158 180 187 183 192 194 196 197 197 197 195 193 190 189 188 187 185 184 182 181 181 181 180 180 180 179 178 176 178 178 179 179 179 179 180 180 181 181 181 182 182 181 182 183
141 141 141 141 142 142 144 145 146 148 147 144 144 148 153 149 148 146 146 148 148 153 149 147 146 149 145 142 147 155 156 156 156 152 143 165 189 191 192 188 184 177 167 166 156 179 187 184 194 192 195 196 196 195 194 192 189 187 188 187 185 184 183 182 181 181 180 180 179 178 179 178 178 178 179 180 179 179 180 181 181 181 181 182 183 179 180 183
141 141 140 141 141 142 143 145 147 148 147 149 150 143 145 151 145 144 145 146 149 150 151 151 147 140 144 140 136 147 156 157 157 154 147 166 188 191 192 190 187 183 177 170 159 170 196 197 198 192 191 195 194 194 193 189 188 183 184 187 186 185 183 183 182 181 180 180 179 179 179 179 180 180 180 180 179 180 180 181 181 181 182 182 180 176 180 183
141 140 141 141 141 141 143 145 147 148 147 148 144 140 141 141 145 146 145 147 148 147 149 150 145 141 135 139 136 145 155 158 159 149 139 169 186 189 190 188 186 183 174 162 160 175 197 197 197 190 189 195 194 194 192 190 187 176 173 184 185 184 183 182 181 181 180 180 179 179 179 180 180 180 180 180 180 180 180 181 181 182 182 182 178 173 180 184
140 139 140 141 141 141 142 144 146 148 149 146 144 141 141 139 139 141 143 144 145 148 149 151 148 140 137 135 133 136 151 154 157 146 138 157 183 186 187 187 183 177 173 157 156 176 197 198 197 193 188 194 194 193 192 190 188 184 176 172 183 184 183 182 181 180 180 180 180 179 179 180 180 180 180 180 180 180 180 181 181 181 182 182 180 179 182 184
139 139 140 140 141 142 143 144 147 149 150 151 149 148 146 142 141 141 141 144 145 147 149 151 150 145 141 133 134 138 143 154 148 139 133 138 169 184 182 180 176 165 162 151 156 180 196 197 196 196 189 193 193 192 191 189 187 185 181 178 182 184 183 182 181 179 179 179 179 179 179 179 179 179 180 180 180 180 180 180 181 181 181 177 177 181 183 184
139 139 139 140 141 142 143 144 147 149 151 153 152 154 148 144 147 145 145 143 144 146 146 148 146 143 142 141 143 143 139 146 137 136 139 138 158 177 175 175 169 169 158 147 152 163 191 195 195 195 193 192 193 192 190 188 184 181 178 165 177 184 183 182 181 179 179 178 178 179 179 179 179 179 179 179 180 180 180 180 181 181 180 176 173 180 183 184
138 138 139 140 141 142 143 145 147 149 152 154 156 156 153 150 146 144 145 145 146 147 148 148 150 151 149 146 146 141 134 140 137 144 143 146 163 167 169 169 164 164 165 168 166 177 191 194 194 193 190 189 190 190 189 189 187 185 179 166 169 182 183 182 181 179 179 179 178 178 177 178 178 178 178 179 179 179 180 180 180 180 180 179 177 180 182 183
137 138 139 139 141 142 143 145 147 149 152 154 156 155 152 150 147 144 143 143 143 144 145 146 147 147 150 145 141 139 134 134 134 144 138 140 157 163 158 152 157 156 174 186 190 190 185 185 192 188 184 180 182 186 188 187 187 186 181 171 177 183 183 182 181 179 178 178 178 177 177 176 177 177 176 178 178 179 179 179 180 180 180 181 181 181 182 183
137 137 138 139 141 142 144 146 148 150 152 154 157 156 153 153 152 146 143 141 141 142 143 143 144 143 146 148 143 136 135 134 135 141 139 148 159 163 157 151 149 148 168 188 190 186 176 173 188 187 179 163 169 177 184 185 186 185 181 171 178 182 182 182 181 179 174 173 174 174 176 176 175 176 175 175 175 178 179 179 180 180 180 181 181 181 182 182
136 136 138 139 141 142 144 146 148 150 152 154 156 156 157 158 154 151 146 141 140 141 142 143 142 139 139 140 137 136 132 135 134 136 137 144 153 149 159 153 151 153 172 185 187 183 174 167 176 182 177 166 158 159 177 185 185 184 180 169 172 181 182 181 180 180 178 176 174 175 173 175 175 173 173 172 173 177 178 179 179 179 180 180 180 181 181 182
136 136 138 139 141 142 144 146 148 150 152 154 156 157 158 156 155 148 144 141 140 141 142 142 143 141 139 138 135 133 134 140 136 136 140 139 141 149 148 157 158 155 165 178 185 178 167 162 159 169 176 169 162 160 174 185 184 181 177 167 158 170 181 181 180 179 179 179 178 178 175 176 176 177 177 177 176 176 175 175 178 179 178 178 179 180 180 181
137 136 138 139 141 142 143 145 147 149 152 154 156 157 156 153 149 146 142 140 140 141 142 142 141 141 143 138 137 136 140 147 143 141 140 138 138 138 139 147 155 155 158 171 183 170 156 155 158 165 171 169 159 158 171 179 182 182 180 165 148 148 171 180 179 179 179 179 178 178 178 178 178 178 177 177 177 174 173 171 176 178 177 174 174 177 179 180
138 138 139 140 141 142 144 145 147 149 152 154 156 156 155 154 150 148 145 142 140 140 141 142 142 144 143 143 143 140 149 138 136 140 140 136 138 135 141 142 151 148 148 168 177 172 154 149 146 154 168 167 155 155 164 169 178 181 178 160 149 160 171 179 179 179 178 178 178 177 177 178 177 177 177 177 176 176 174 169 173 177 177 174 171 175 178 179
140 139 140 141 141 142 144 145 147 149 151 154 156 157 157 155 151 149 145 142 141 142 143 142 143 144 145 143 143 140 138 139 140 140 135 138 137 137 137 145 138 145 140 152 165 161 150 144 135 147 166 172 168 173 172 174 178 177 172 162 153 156 170 176 179 179 179 179 178 177 177 175 174 174 176 177 176 176 176 174 173 175 176 177 176 176 176 178
141 141 141 142 142 143 144 145 147 149 151 153 156 157 157 155 154 152 148 150 146 142 141 141 142 142 143 142 138 138 143 143 144 143 143 140 143 141 139 140 133 140 136 144 155 161 148 138 129 136 159 172 177 178 178 178 177 177 174 170 162 154 163 172 176 178 179 178 175 175 176 176 172 170 172 175 176 176 176 177 175 172 175 177 177 178 177 178
142 142 142 142 143 144 144 145 146 148 150 153 155 157 157 155 152 155 155 151 148 146 141 141 142 142 142 140 143 143 144 144 145 145 139 141 149 143 137 136 132 130 132 141 147 157 147 142 135 138 155 170 169 170 171 172 177 178 176 174 170 167 161 161 166 173 178 176 172 170 174 176 176 176 176 176 176 176 176 174 173 166 167 176 177 178 177 176
144 143 144 144 144 144 145 145 147 147 149 152 155 157 159 158 158 157 153 153 152 149 142 140 142 142 142 144 142 140 140 142 143 150 150 151 145 144 136 132 129 130 142 156 157 159 153 150 152 145 158 165 154 155 158 166 171 174 175 173 170 168 165 158 162 169 177 177 174 170 172 175 176 176 175 175 176 176 176 169 164 164 166 176 178 178 177 174
144 144 145 144 145 145 145 145 146 147 148 150 154 157 160 161 162 158 154 152 151 147 144 141 141 142 144 144 143 143 143 148 150 147 144 142 142 143 145 133 129 136 145 148 145 152 147 151 161 158 169 164 153 153 156 160 160 166 167 165 162 166 159 154 161 175 177 176 174 171 166 170 170 168 167 172 177 177 177 175 169 171 173 176 177 177 176 174
146 146 146 146 146 146 146 146 146 147 147 148 152 156 159 161 161 159 156 154 154 150 144 141 142 143 143 143 144 144 146 150 147 141 137 135 137 136 141 137 132 130 139 139 135 142 137 145 158 169 170 165 158 149 149 155 154 157 157 157 155 166 164 158 162 174 176 170 167 169 169 173 172 169 168 177 177 178 178 178 176 175 173 176 176 177 176 175
