Lab10/future/bio2.asc
NCOLS 269 
NROWS 261 
XLLCORNER -125 
YLLCORNER 32.25 
CELLSIZE 0.0416666666666667 
NODATA_value -32768 
[rows 39 to 77 of 261, columns 176 to 263 of 269]
165 173 177 178 178 178 177 174 174 175 176 176 178 177 175 177 175 173 174 173 173 173 173 171 171 172 171 170 168 166 170 170 170 171 173 169 172 171 168 159 160 169 173 176 177 175 175 178 179 177 177 180 180 181 177 172 180 182 183 182 179 173 167 166 168 172 174 174 173 172 170 168 169 169 168 167 165 164 164 163 162 162 161 161 160 159 158 159
170 175 177 178 178 178 178 177 177 177 178 177 178 178 176 172 172 173 173 172 171 172 172 171 170 169 166 163 164 163 166 164 164 167 168 172 173 173 169 165 162 169 173 175 177 176 172 175 180 181 178 180 176 175 177 176 180 183 183 182 180 178 172 167 167 172 174 174 172 172 171 170 169 169 168 167 165 164 164 163 162 161 161 160 159 159 158 157
171 175 177 177 178 177 176 178 178 178 178 178 178 176 175 171 169 170 171 170 170 170 171 169 167 165 164 163 164 162 162 162 162 163 164 169 173 173 171 167 164 167 173 176 177 176 172 174 179 182 181 179 173 169 175 179 178 183 183 182 181 179 176 174 170 172 173 173 171 172 171 170 169 168 167 166 166 165 164 163 161 160 160 159 159 158 156 155
172 176 177 177 177 173 175 177 178 178 177 177 177 176 172 166 164 165 168 168 166 168 168 167 167 167 167 167 166 164 161 158 158 160 162 166 171 172 169 163 162 165 171 174 176 178 175 176 180 182 182 177 173 172 175 178 176 181 184 183 182 179 175 176 169 169 172 171 171 172 171 169 168 168 167 166 165 164 163 162 160 161 160 158 157 156 155 153
176 177 177 177 177 175 174 177 177 177 176 173 175 174 171 168 164 162 165 166 162 164 165 169 171 170 170 168 166 163 161 158 160 161 163 167 170 169 164 159 163 167 171 174 176 177 178 179 181 182 182 180 179 176 174 175 179 184 184 183 182 180 179 175 166 170 172 172 171 169 168 168 168 168 167 166 165 164 162 160 160 160 159 158 156 155 154 155
177 177 177 177 177 174 175 177 177 175 175 173 175 175 173 168 163 161 163 163 163 164 169 172 172 171 168 167 166 165 161 160 160 162 165 167 167 165 162 162 165 168 171 173 175 176 178 178 178 179 181 182 182 181 177 179 184 185 185 184 183 181 179 178 175 171 173 173 171 168 164 167 167 167 166 165 164 163 161 160 160 160 158 157 155 155 155 154
177 177 177 177 175 170 175 176 173 169 174 176 176 176 174 171 168 160 158 163 169 170 172 173 172 170 169 169 168 166 163 161 160 161 164 164 161 162 164 165 166 169 171 173 175 177 176 174 173 176 179 183 183 182 182 182 184 185 184 184 183 181 180 178 176 171 171 172 169 168 165 167 167 166 165 164 163 162 160 158 160 159 157 156 155 155 154 154
177 177 177 176 173 171 175 173 165 167 175 176 177 176 175 172 170 169 173 172 173 173 174 173 171 167 164 166 167 165 163 162 159 159 160 160 160 163 165 164 165 169 171 170 174 175 174 169 168 173 178 182 184 182 182 184 185 186 185 184 183 181 180 178 174 170 173 171 166 168 168 167 165 165 164 163 163 162 160 159 159 158 156 155 154 154 154 153
177 177 177 176 172 173 174 168 163 170 176 177 177 177 177 177 177 177 174 171 173 173 172 168 165 166 165 164 166 165 162 160 158 157 158 158 162 166 165 164 162 166 169 172 173 173 170 168 170 174 180 183 184 181 182 184 185 187 186 185 183 181 180 178 175 174 173 171 167 167 168 167 164 162 160 162 162 161 160 160 159 158 156 154 152 152 152 152
178 178 177 177 175 175 172 167 173 175 177 177 178 178 178 178 178 173 171 171 171 168 169 169 166 165 167 165 167 166 162 159 157 157 158 160 164 168 165 162 160 164 168 171 171 169 164 168 174 178 180 183 178 177 183 183 186 187 186 184 182 179 176 175 175 174 171 169 167 168 168 167 165 163 160 161 161 161 160 159 158 157 156 153 150 150 152 152
178 178 177 177 176 172 172 175 176 177 178 178 178 178 178 178 178 176 171 165 167 170 173 171 168 170 171 168 168 165 164 160 157 156 157 162 165 167 164 161 163 167 169 170 169 166 164 172 176 179 180 182 178 181 185 186 187 187 185 181 173 164 169 168 173 171 166 164 165 168 168 167 165 162 161 162 161 160 159 159 158 157 155 151 149 152 152 151
178 177 177 177 176 172 174 176 177 177 178 178 178 178 178 178 178 176 170 163 169 173 175 174 173 173 172 169 165 167 167 163 158 158 160 165 167 164 161 162 165 168 167 168 166 164 165 173 178 180 180 182 180 183 184 185 185 185 181 173 162 154 164 170 172 170 166 161 162 166 167 166 165 161 160 161 161 160 159 158 157 156 152 149 150 153 150 148
176 173 176 176 175 174 175 176 176 177 178 178 178 178 178 178 178 175 169 169 172 175 175 175 174 173 171 168 168 170 168 166 159 161 165 166 166 160 158 162 168 166 164 166 165 166 170 176 179 180 181 181 181 183 183 182 183 181 173 166 158 154 165 171 172 170 167 162 163 166 166 165 164 159 158 161 160 159 159 158 157 155 150 147 149 153 149 141
170 167 173 175 175 175 173 174 176 177 178 178 178 178 179 178 179 176 176 175 173 175 175 174 169 171 170 167 171 171 169 163 158 162 166 168 165 162 158 162 167 166 164 163 164 168 174 178 179 178 180 181 181 182 181 181 180 173 165 159 153 154 166 171 171 170 168 165 165 166 166 165 163 158 158 161 160 159 158 157 157 154 148 144 144 146 139 137
162 162 169 174 175 173 172 174 176 177 178 178 178 179 179 179 179 179 178 174 172 174 173 173 163 168 167 170 175 174 174 165 158 165 167 169 166 164 162 165 167 164 163 165 169 173 176 177 168 170 177 179 180 180 180 179 177 168 160 157 153 154 165 171 170 170 169 168 167 166 165 165 163 159 160 161 159 158 158 157 157 153 147 143 140 139 136 135
163 157 167 173 174 172 175 177 177 178 178 179 179 179 179 179 180 179 177 174 172 171 171 171 169 170 172 177 177 177 176 169 160 166 169 166 165 168 167 169 168 165 164 169 173 176 177 173 172 175 177 178 177 177 178 177 174 167 163 162 159 158 162 170 169 169 168 168 167 166 165 164 163 160 161 160 159 158 157 157 157 154 146 142 139 138 136 134
164 164 165 171 174 174 177 176 176 176 177 178 179 179 179 180 180 179 174 166 168 168 168 166 167 176 178 178 177 177 176 170 163 164 165 166 168 170 170 169 167 164 168 173 176 175 173 172 174 175 174 176 175 175 174 173 168 159 159 162 161 159 161 169 169 169 168 167 166 166 165 164 163 161 161 160 159 158 157 157 157 156 149 143 141 147 144 138
167 169 161 169 176 177 175 170 169 173 173 176 178 179 180 180 180 180 175 161 163 163 164 167 177 179 179 179 178 177 176 167 159 156 162 167 171 171 172 170 166 170 174 174 173 168 168 173 174 173 173 173 172 172 168 163 158 154 157 161 162 159 163 168 168 168 167 166 164 165 164 164 163 161 161 160 159 158 157 157 157 157 153 146 142 145 147 139
173 168 167 173 177 175 169 167 173 174 173 174 175 177 179 180 180 181 179 166 160 164 174 179 180 180 179 179 178 176 173 161 155 154 161 168 171 172 172 171 168 172 168 170 169 169 172 173 173 172 171 170 169 166 161 158 153 154 161 163 162 159 163 167 167 167 167 165 163 165 164 164 163 162 161 160 159 159 158 157 157 157 156 148 141 138 132 129
176 168 170 176 176 172 173 174 175 175 174 170 164 168 177 180 180 181 181 178 176 180 181 180 180 178 175 177 178 172 170 161 156 156 161 166 171 169 166 165 167 164 161 170 169 172 172 172 171 171 169 166 162 156 154 152 151 160 163 164 163 161 164 166 166 166 166 165 162 164 164 164 162 160 161 161 160 159 158 158 158 158 155 148 141 136 133 131
178 174 172 175 175 172 172 175 176 175 169 161 160 161 171 178 181 181 181 181 181 179 171 168 164 164 167 176 179 175 171 164 158 156 158 163 166 161 159 158 159 161 166 170 169 171 171 170 169 169 164 156 152 153 152 150 155 163 164 164 163 162 163 163 165 165 165 164 162 164 164 163 160 157 161 161 160 159 158 158 159 158 157 151 144 140 136 134
179 173 172 173 169 161 169 175 177 174 166 159 159 160 169 174 180 181 181 181 181 178 165 159 166 175 176 180 179 176 173 170 166 163 163 169 164 161 158 157 160 164 168 169 169 167 169 169 168 166 162 156 151 149 148 153 159 164 164 164 163 163 162 162 164 164 164 160 159 162 163 162 158 160 162 162 161 160 159 159 159 159 158 153 146 141 138 137
179 177 174 171 162 160 171 176 178 176 170 167 166 167 174 178 180 180 181 181 181 179 171 165 172 175 173 175 178 177 176 173 169 167 162 160 168 162 160 158 160 165 166 165 166 164 169 168 167 166 164 160 156 151 149 157 163 165 164 164 164 163 162 161 163 163 162 158 155 160 161 160 161 163 163 162 161 161 160 160 158 160 159 154 149 144 141 140
177 178 176 170 164 168 175 177 179 178 176 175 174 173 178 179 180 180 180 180 179 177 170 164 169 169 174 177 178 176 172 165 161 163 158 157 165 163 156 152 157 162 161 163 163 165 169 168 167 165 160 154 152 150 152 161 165 165 164 164 164 163 162 161 163 163 162 156 157 160 160 161 163 164 163 163 162 162 161 161 159 159 161 157 152 148 145 143
176 178 176 167 162 173 177 179 179 179 179 178 178 178 179 179 179 179 176 169 167 166 165 158 163 173 176 177 177 174 169 160 161 167 158 159 166 166 160 155 157 159 159 161 159 165 169 168 167 164 157 151 148 152 157 163 165 164 164 164 164 164 163 164 164 164 163 162 161 162 163 164 164 164 164 164 163 163 162 162 159 160 162 161 158 154 151 147
179 179 174 164 161 176 179 179 179 179 178 178 179 179 179 178 177 172 161 156 161 159 157 160 168 174 176 177 174 167 168 168 170 164 157 162 167 167 161 157 153 156 157 160 161 166 168 168 167 164 158 154 150 156 163 164 165 165 164 164 164 164 164 164 164 164 164 164 163 164 165 165 165 165 165 165 164 164 164 164 163 159 163 163 161 159 155 150
181 179 168 155 167 178 180 180 179 178 173 176 179 178 178 177 173 163 153 151 158 156 158 165 171 175 176 176 175 174 173 172 168 158 157 163 167 166 159 155 152 154 158 161 163 166 167 167 166 161 156 151 150 161 165 165 165 165 164 164 163 164 163 163 164 164 164 163 164 165 166 166 166 166 164 165 165 165 165 165 165 163 165 165 163 160 157 153
181 177 168 158 169 178 180 179 178 175 172 177 178 178 177 175 170 159 153 153 159 161 161 168 173 175 176 176 175 173 168 159 153 153 159 164 167 165 161 157 154 156 159 162 164 165 167 165 165 162 158 155 156 164 165 165 165 164 164 163 163 163 163 162 164 163 163 164 165 166 166 167 166 165 162 164 166 166 166 167 167 167 167 167 165 163 160 157
181 174 171 166 171 178 179 178 173 167 171 176 177 177 176 170 165 159 156 153 160 163 165 169 174 175 176 175 173 166 155 153 153 157 161 165 167 166 162 156 153 156 160 162 164 166 166 165 163 161 159 157 159 164 165 165 164 163 160 161 161 162 164 165 164 160 161 164 165 166 167 167 166 165 162 164 165 168 168 168 168 167 167 169 168 167 165 164
180 169 170 175 178 177 172 172 168 163 168 173 175 177 174 167 160 157 162 161 163 164 169 173 175 175 175 170 162 156 152 153 158 161 163 165 166 166 162 157 154 154 159 162 165 165 165 164 162 157 153 154 162 165 165 164 164 162 160 158 158 160 164 165 163 158 158 163 166 167 167 167 167 166 166 166 167 169 169 170 170 167 170 171 171 171 171 171
180 171 175 180 180 173 167 169 170 170 167 169 175 176 173 165 161 162 166 167 170 168 172 174 175 174 168 156 156 155 153 158 162 164 165 166 166 165 160 158 157 156 159 162 165 165 164 163 161 157 151 152 164 164 163 163 163 163 161 159 156 159 163 164 164 160 158 162 166 167 167 167 167 166 167 167 167 169 170 171 171 171 170 172 173 174 173 174
181 175 180 182 179 167 158 163 166 169 172 174 176 176 173 164 159 162 170 172 172 173 173 173 172 165 154 152 156 158 158 161 164 165 165 165 163 160 154 155 159 161 160 160 163 163 164 162 160 155 149 154 164 164 162 158 160 162 162 161 161 160 162 165 165 162 157 162 165 167 168 168 168 167 169 169 167 169 169 171 172 173 171 173 175 176 177 177
185 183 184 184 176 165 162 165 163 167 172 176 176 176 170 158 159 164 171 171 168 170 167 165 160 159 151 154 159 162 163 164 164 164 164 163 161 157 153 158 161 162 162 160 162 163 163 161 158 153 152 161 165 165 163 158 159 161 162 161 162 163 164 165 165 163 157 161 161 167 169 169 170 170 170 170 169 169 170 169 174 175 175 175 178 179 180 180
185 185 185 180 177 169 168 171 171 170 174 176 176 173 165 155 163 170 171 165 166 166 162 158 161 164 156 158 161 163 164 164 163 163 163 162 158 156 154 160 162 163 163 161 161 164 163 161 157 151 154 164 165 165 164 162 159 160 163 163 163 165 165 166 166 163 156 155 159 167 169 170 170 171 171 171 170 168 169 172 175 176 176 176 179 181 183 184
186 185 180 171 175 176 176 176 176 176 176 176 174 168 160 162 170 172 164 158 162 160 154 155 163 165 162 160 161 160 160 160 162 162 162 160 157 156 154 161 162 163 162 157 157 163 163 161 159 155 157 164 164 165 164 161 159 161 164 163 163 165 166 166 166 164 156 158 162 169 170 170 171 170 170 170 170 168 170 174 176 177 175 173 178 182 184 186
185 182 170 166 175 177 177 177 176 175 175 174 171 163 163 170 172 171 167 161 160 158 155 156 164 165 163 159 154 153 157 160 161 162 162 160 158 155 155 162 162 163 161 153 155 161 163 162 161 159 159 162 164 164 163 159 162 164 164 162 162 165 166 166 166 165 159 160 166 170 170 171 170 167 167 169 167 165 168 172 176 178 176 176 178 182 185 188
184 180 171 169 177 177 177 176 175 173 174 172 169 165 169 171 171 169 166 161 161 162 161 161 165 165 163 157 153 156 159 160 161 160 159 159 158 154 160 162 162 162 162 154 153 159 162 162 161 159 155 157 161 163 160 159 162 165 164 161 163 166 166 166 166 163 155 164 169 170 171 171 168 160 166 169 168 165 162 170 177 179 180 180 181 184 186 187
183 181 178 175 176 176 176 175 174 170 169 167 170 169 170 169 169 167 164 158 160 164 164 165 165 165 161 157 153 156 158 156 155 155 154 157 157 155 161 162 162 162 162 157 153 159 162 162 161 159 155 157 160 159 161 163 165 164 163 164 166 167 167 166 165 162 161 168 170 170 171 170 166 163 168 170 169 165 164 171 178 180 181 182 183 184 185 185
182 183 181 178 176 175 175 174 171 167 166 168 169 170 167 166 167 165 160 156 159 163 165 165 165 165 155 154 154 155 155 151 149 151 153 156 156 156 161 162 162 162 162 158 153 157 161 162 162 160 158 157 160 162 164 165 165 161 163 166 167 167 166 163 164 165 168 170 170 171 170 166 164 168 170 170 168 161 164 176 180 181 182 182 182 183 183 182
