Lab10/future/bio2.asc
NCOLS 269 
NROWS 261 
XLLCORNER -125 
YLLCORNER 32.25 
CELLSIZE 0.0416666666666667 
NODATA_value -32768 
[rows 78 to 116 of 261, columns 176 to 263 of 269]
179 180 178 177 174 174 174 173 170 164 163 163 163 170 165 164 163 159 157 154 159 163 164 165 165 164 154 153 156 154 153 150 149 150 152 155 155 156 161 162 162 162 162 158 151 156 163 164 164 164 161 160 162 164 166 166 164 160 165 167 167 167 164 161 165 166 168 170 170 171 170 166 161 169 171 170 167 165 172 179 180 181 181 179 179 178 179 178
177 173 170 173 173 175 174 173 168 164 159 158 162 169 164 159 156 155 153 154 156 162 164 165 165 159 152 154 157 155 152 150 152 152 152 153 156 158 161 161 161 162 162 158 152 158 164 164 164 164 159 160 161 165 166 167 166 164 167 167 168 167 164 161 166 166 166 170 171 171 170 168 165 168 171 171 166 170 176 179 180 180 179 175 171 171 169 171
176 172 170 171 170 172 173 172 169 162 162 166 169 166 162 157 155 154 151 154 155 161 164 164 162 154 152 156 158 157 154 153 155 155 155 154 156 159 161 161 161 162 162 158 153 162 164 164 162 161 160 160 163 166 167 167 167 164 166 168 168 167 163 163 166 166 164 167 171 171 170 168 162 167 171 171 170 175 177 179 180 178 175 172 171 169 162 164
175 176 176 174 166 171 171 171 167 160 163 169 168 165 160 156 152 150 154 158 161 162 164 164 157 152 153 158 159 159 158 157 158 158 157 157 156 158 161 161 162 162 162 157 156 162 164 164 158 157 160 163 165 166 167 168 164 159 165 168 168 168 164 167 167 163 161 162 170 171 170 168 161 164 171 173 173 176 177 178 178 171 165 170 174 174 169 162
178 178 177 173 165 167 168 168 167 159 165 169 167 163 159 155 152 151 156 160 162 162 163 160 155 153 157 159 160 160 160 159 159 159 158 159 157 158 161 161 161 162 161 156 155 163 164 164 157 157 160 163 166 167 168 167 163 160 165 168 169 169 169 169 165 160 158 165 170 171 170 167 162 164 171 174 175 175 174 176 176 172 167 166 169 174 179 176
178 178 177 170 159 163 164 166 167 161 168 169 167 162 157 155 153 153 157 159 160 158 158 154 153 154 159 160 160 160 161 160 160 159 160 160 158 155 159 161 161 161 159 156 156 163 164 165 158 159 161 164 167 167 168 167 164 162 165 168 169 170 170 169 166 162 164 168 170 170 169 166 161 165 170 174 176 176 176 174 176 175 173 171 168 167 175 181
178 178 176 170 164 164 165 166 165 163 167 169 167 163 156 155 154 154 156 158 157 154 152 153 154 157 160 161 161 161 161 161 161 158 159 161 160 157 158 161 161 160 158 156 153 162 165 165 164 164 165 165 167 168 168 168 167 166 167 169 170 171 171 170 168 167 169 170 171 170 169 165 160 164 169 175 176 177 177 177 177 176 175 175 175 175 175 180
178 177 174 171 169 168 167 166 164 165 166 165 168 165 156 155 155 156 157 158 155 152 152 155 159 160 161 161 161 161 161 162 161 160 160 160 158 158 159 160 159 158 156 155 155 163 165 166 166 167 166 164 167 168 169 169 168 167 167 169 170 171 171 171 167 169 170 171 170 170 168 164 162 165 169 175 176 177 178 178 177 175 174 175 177 178 179 182
176 169 169 171 171 170 167 164 167 168 169 169 168 165 157 156 157 156 158 159 156 155 158 160 161 161 162 162 161 161 162 162 162 162 161 159 155 155 156 158 157 156 157 156 157 165 166 166 167 167 167 166 167 168 168 169 168 167 166 166 169 172 172 171 167 170 171 171 170 169 168 168 166 157 169 175 177 177 178 177 171 171 172 174 176 180 181 182
167 166 171 173 173 171 167 167 169 170 171 170 169 164 157 157 156 158 162 163 159 157 161 162 162 162 162 161 161 160 161 162 162 162 161 158 156 156 156 156 155 156 156 158 162 165 166 166 167 167 167 166 166 167 167 168 168 169 169 169 170 170 169 169 168 168 172 171 169 168 168 169 166 159 168 175 177 178 178 176 165 163 171 173 177 180 181 182
164 171 174 174 174 172 166 168 172 172 171 170 169 161 156 156 158 160 165 166 161 161 161 162 162 162 161 159 158 157 160 161 162 162 162 159 156 156 156 154 155 157 157 160 164 166 165 165 167 167 167 167 165 166 166 168 170 172 172 172 171 169 166 165 171 168 171 170 170 169 169 170 163 152 165 175 177 178 179 177 169 160 169 173 176 180 181 181
171 174 175 175 175 174 169 171 173 173 172 169 166 158 157 158 162 166 168 168 167 165 162 163 160 161 159 156 152 154 159 162 163 163 162 160 158 158 157 156 158 159 160 161 166 166 165 164 167 168 168 167 164 166 167 168 172 173 174 173 172 170 171 170 173 174 168 171 171 169 170 169 162 150 162 174 178 178 178 178 172 162 166 168 168 177 180 181
171 175 177 177 176 175 172 174 175 174 173 169 163 156 154 162 168 169 170 170 169 167 162 164 163 160 157 155 151 155 159 162 163 164 163 162 160 157 159 161 161 162 165 166 166 166 164 164 167 168 168 168 164 167 169 170 172 174 175 175 174 168 174 174 175 176 175 174 173 169 169 168 161 150 160 173 178 178 179 178 173 163 166 170 170 172 180 181
170 177 178 178 178 176 171 174 176 175 173 166 157 153 158 168 171 171 171 170 167 164 163 164 164 163 159 157 156 156 161 163 164 164 164 162 160 157 161 164 164 165 166 165 165 166 164 166 168 169 168 168 165 166 170 167 173 175 176 176 176 168 172 177 177 177 177 176 175 170 166 166 155 153 154 172 178 179 179 178 174 162 159 159 167 170 179 180
172 179 179 179 178 177 172 172 176 176 171 158 158 152 166 173 173 173 172 170 166 160 163 165 165 164 162 158 158 155 161 164 165 165 163 163 163 161 164 166 166 167 167 167 164 165 165 167 169 169 163 161 162 163 168 166 174 176 177 177 176 171 174 176 178 177 176 178 176 170 160 161 155 164 158 171 179 179 179 178 173 166 158 149 155 165 177 180
179 180 180 179 175 173 172 175 177 175 170 158 159 161 172 174 174 174 172 168 164 161 162 165 166 164 159 159 158 158 163 165 166 164 161 163 163 163 166 167 167 168 168 167 165 165 167 168 168 169 162 158 162 161 165 166 174 177 177 178 176 173 179 178 174 174 177 178 178 173 165 165 156 168 173 177 179 180 178 174 169 164 160 155 162 172 178 180
181 181 180 172 164 164 171 179 177 173 164 152 156 170 175 176 176 175 171 163 160 160 164 166 167 165 161 161 158 162 162 166 166 160 158 162 164 164 166 167 168 168 168 168 167 168 169 169 168 171 170 165 167 165 162 168 174 177 178 178 178 178 180 180 176 167 174 178 179 176 173 171 164 161 175 178 180 180 178 175 167 169 169 163 166 174 179 180
182 181 176 166 159 165 174 180 177 169 161 153 163 175 178 177 177 175 170 159 158 161 165 166 167 166 165 163 157 159 161 165 164 156 157 162 165 166 167 168 168 168 167 167 168 170 171 171 171 173 173 170 169 168 165 169 171 176 177 179 180 180 181 180 173 158 170 177 179 178 175 168 169 162 176 180 180 180 177 173 173 175 177 177 178 179 180 180
182 179 166 166 170 176 182 181 174 163 156 163 179 180 179 178 177 174 167 158 158 160 162 166 168 167 166 164 160 157 159 164 163 155 160 165 166 167 168 169 167 165 166 167 169 171 172 172 174 174 173 170 170 162 163 167 168 173 177 179 180 182 181 181 177 161 164 176 180 179 177 171 170 175 178 180 181 180 175 171 175 177 178 179 179 179 180 180
182 174 163 171 182 184 183 179 169 163 163 179 182 181 180 179 177 173 168 158 153 155 162 167 168 167 166 164 160 156 157 160 162 157 162 166 168 168 169 169 167 163 164 167 169 173 174 174 175 175 174 173 171 166 166 169 168 174 177 179 179 182 182 183 181 167 161 177 180 180 178 175 170 175 180 181 181 180 172 163 168 172 177 179 179 179 179 179
183 178 163 174 185 185 182 176 166 156 172 183 183 182 181 180 177 173 166 157 154 156 165 168 167 167 165 163 159 158 163 161 164 161 162 167 168 169 170 170 167 163 164 168 172 174 175 174 175 176 176 173 170 165 168 170 172 177 179 180 181 183 183 184 183 171 167 177 180 180 178 175 171 177 181 182 182 181 177 166 153 163 174 178 179 179 179 179
184 180 175 178 186 184 178 168 155 160 179 184 184 183 182 181 176 168 165 159 158 163 168 169 167 166 164 160 156 162 167 165 166 162 162 168 168 169 170 170 169 167 165 167 172 175 176 176 176 178 177 175 171 160 165 169 174 178 180 181 182 183 184 185 184 176 167 174 180 179 177 172 171 178 181 182 182 182 179 167 146 156 169 175 178 179 179 178
185 184 176 179 185 180 172 159 152 166 184 185 184 184 183 180 175 169 162 160 161 167 169 169 167 165 163 158 161 165 168 168 167 161 165 167 166 169 170 170 170 170 169 169 171 175 177 177 177 179 178 176 171 155 166 172 176 178 180 182 183 184 185 185 185 176 160 171 179 177 172 171 168 173 181 182 183 182 180 171 152 157 162 166 175 178 178 178
185 182 170 175 180 173 163 151 159 166 184 185 185 184 183 180 175 169 164 163 166 170 170 169 166 162 158 159 165 168 169 168 166 165 167 164 161 168 170 170 169 171 171 170 170 175 177 178 179 180 179 176 170 155 162 169 174 179 181 182 182 185 186 186 186 176 168 172 178 174 167 170 163 174 182 183 183 183 181 174 155 158 165 172 175 177 178 178
184 183 176 174 176 168 158 146 156 162 173 186 186 185 183 178 170 162 159 165 170 171 170 169 161 155 154 158 167 169 169 167 161 165 168 161 166 168 171 171 171 172 172 172 170 174 176 178 180 181 180 178 169 160 165 175 174 179 181 182 183 186 186 187 185 174 169 175 177 175 170 170 170 178 183 183 183 183 182 176 158 153 161 170 175 177 178 178
184 182 176 171 170 171 166 152 154 150 162 186 186 185 182 175 158 144 154 166 171 171 170 167 158 148 155 162 168 169 170 167 160 166 169 167 168 168 171 171 172 173 173 172 170 173 173 177 181 182 182 181 179 178 177 177 176 178 178 182 183 186 187 187 184 172 171 176 175 175 173 172 175 181 184 184 184 183 182 177 160 163 163 165 176 178 178 178
183 179 167 169 172 164 161 159 150 154 164 185 186 184 181 172 157 143 150 162 169 171 170 163 157 149 155 164 169 170 169 167 162 168 171 170 168 168 169 172 173 174 173 170 168 170 173 178 181 182 183 183 182 181 180 173 176 179 181 185 186 187 187 187 178 167 173 177 177 171 171 175 180 183 184 184 184 183 182 178 168 169 170 163 176 179 179 179
182 177 167 168 170 162 166 165 162 169 171 184 185 183 179 173 164 153 156 159 166 170 170 164 156 149 154 165 170 170 168 164 163 167 170 172 168 167 171 173 174 174 172 166 170 174 175 178 182 183 183 183 183 182 181 178 177 182 185 186 187 187 187 186 179 173 176 180 176 167 170 179 184 186 184 182 183 183 182 180 175 173 174 169 176 179 179 178
181 178 170 174 174 163 163 173 169 168 176 184 184 181 175 166 155 158 162 162 167 170 170 163 158 154 160 166 170 170 166 161 158 163 170 172 171 169 172 174 174 173 171 167 171 175 178 180 182 183 183 184 183 180 181 180 178 183 185 186 187 187 187 179 168 170 177 181 179 168 158 176 185 186 184 178 180 182 182 180 178 176 176 176 178 179 178 176
181 180 178 178 177 172 171 174 176 170 177 183 182 179 173 161 155 157 161 166 169 170 169 164 161 159 163 167 171 169 165 157 158 158 170 173 171 169 173 174 174 173 170 171 174 178 180 181 182 183 184 184 183 177 177 180 178 182 185 186 187 188 187 180 168 171 178 181 182 176 161 176 185 186 185 181 176 180 181 180 179 178 178 178 179 179 178 175
181 180 179 179 174 174 175 178 179 175 176 182 181 176 169 164 166 167 167 168 170 169 168 163 160 165 165 168 170 166 165 165 164 161 173 174 173 173 174 174 171 170 171 171 175 179 181 182 183 183 184 184 181 174 174 177 178 181 183 185 187 187 187 185 177 173 178 181 182 180 168 180 185 185 184 181 174 176 180 180 179 178 179 179 179 179 177 174
181 181 181 180 179 177 178 177 178 180 181 181 179 173 166 165 168 171 169 167 168 167 164 159 166 169 167 166 170 168 166 169 170 173 174 174 173 174 174 174 173 171 172 173 178 181 182 182 183 183 184 183 171 170 173 174 175 178 184 185 187 187 188 187 183 177 175 176 182 181 171 181 184 184 183 181 177 174 179 179 178 176 179 179 178 178 177 174
179 180 181 181 181 180 180 180 180 181 180 179 175 170 167 167 170 172 170 168 166 163 159 162 168 170 170 168 170 168 168 172 174 174 175 173 170 173 174 174 173 172 173 176 179 181 182 182 183 183 184 182 171 169 168 174 176 180 185 186 187 187 187 187 184 172 169 179 183 181 172 180 183 183 182 181 175 172 177 177 176 174 176 178 178 177 175 173
178 179 180 180 180 180 180 180 180 180 179 175 170 164 169 171 172 172 170 166 166 161 164 167 170 171 168 167 165 163 164 173 175 175 174 173 171 173 174 174 173 174 173 177 180 181 181 182 182 183 183 182 175 166 169 173 180 182 185 186 187 187 188 188 183 169 179 183 182 179 173 179 181 181 181 180 177 176 174 173 173 172 172 176 177 177 174 172
178 178 178 180 180 180 180 180 179 178 177 174 170 170 172 173 173 169 164 163 163 161 161 167 170 171 167 167 164 164 166 172 174 174 174 173 170 172 173 173 174 174 175 179 180 181 181 181 182 183 182 179 174 170 167 173 181 183 184 186 186 187 187 187 177 177 182 182 181 176 177 171 177 180 179 178 177 175 169 168 169 171 172 174 175 176 174 173
177 178 178 179 179 179 179 178 177 176 175 174 173 172 173 173 172 168 162 158 160 158 159 167 170 170 169 168 162 163 166 171 173 174 174 171 169 172 173 173 173 175 177 179 180 180 181 181 182 182 178 172 168 169 173 178 182 184 185 186 186 187 187 185 176 177 181 181 179 179 178 174 177 179 178 177 176 173 169 167 164 167 170 173 174 175 174 173
176 177 177 177 178 178 178 177 175 172 170 170 173 173 173 172 171 169 164 160 156 156 160 165 170 170 169 167 161 161 164 171 173 174 174 173 171 169 171 173 171 173 178 179 179 180 180 181 181 179 172 161 160 170 175 179 182 183 184 185 185 186 186 182 172 176 180 180 175 179 178 169 172 176 176 175 174 172 170 165 163 162 167 171 172 173 174 173
175 177 176 176 178 178 177 177 175 169 161 166 171 172 172 171 170 169 166 165 163 162 164 165 170 169 169 168 161 161 164 169 173 173 174 174 172 167 172 173 172 174 178 178 179 179 180 180 180 177 169 155 160 172 177 180 182 182 184 185 185 185 182 181 178 178 179 175 175 179 177 172 170 173 174 174 171 168 167 163 163 165 165 166 168 170 172 173
176 176 175 176 177 177 177 176 175 171 164 167 169 170 171 170 169 166 164 165 165 166 167 167 169 169 169 168 164 163 166 170 172 173 173 174 173 170 170 172 174 175 177 178 178 179 180 179 177 175 166 155 166 175 179 180 181 182 184 184 184 181 180 181 179 178 175 174 179 179 176 172 168 171 172 172 169 165 161 162 163 165 164 166 165 163 167 171
