Lab10/future/bio2.asc
NCOLS 269 
NROWS 261 
XLLCORNER -125 
YLLCORNER 32.25 
CELLSIZE 0.0416666666666667 
NODATA_value -32768 
[rows 78 to 116 of 261, columns 0 to 87 of 269]
-32768 -32768 -32768 -32768 -32768 -32768 -32768 -32768 -32768 -32768 -32768 -32768 -32768 -32768 -32768 -32768 -32768 -32768 -32768 -32768 -32768 -32768 -32768 -32768 -32768 -32768 123 126 129 139 141 146 151 154 154 153 158 165 167 158 169 174 175 175 176 165 172 157 140 140 149 155 155 157 159 163 164 161 159 158 156 154 153 152 151 150 150 149 150 149 150 150 150 150 150 149 146 142 141 141 142 151 151 155 156 159 158 159
-32768 -32768 -32768 -32768 -32768 -32768 -32768 -32768 -32768 -32768 -32768 -32768 -32768 -32768 -32768 -32768 -32768 -32768 -32768 -32768 -32768 -32768 -32768 -32768 -32768 -32768 -32768 122 130 137 141 145 149 152 156 156 153 164 167 160 169 179 180 179 179 174 174 165 157 146 155 158 155 146 149 155 163 162 159 157 156 154 153 152 151 150 150 150 150 150 150 150 151 151 152 151 149 144 141 138 141 143 147 152 155 153 156 151
-32768 -32768 -32768 -32768 -32768 -32768 -32768 -32768 -32768 -32768 -32768 -32768 -32768 -32768 -32768 -32768 -32768 -32768 -32768 -32768 -32768 -32768 -32768 -32768 -32768 -32768 -32768 115 127 137 141 146 149 151 156 158 160 165 168 166 165 179 180 179 178 166 158 167 166 152 140 149 161 164 162 151 159 162 160 158 157 156 154 153 152 151 151 150 151 151 151 151 152 152 152 153 152 149 144 141 140 136 140 145 150 152 156 159
-32768 -32768 -32768 -32768 -32768 -32768 -32768 -32768 -32768 -32768 -32768 -32768 -32768 -32768 -32768 -32768 -32768 -32768 -32768 -32768 -32768 -32768 -32768 -32768 -32768 -32768 -32768 -32768 121 130 140 145 148 150 154 159 161 159 165 169 169 173 179 178 176 169 156 145 152 164 139 133 142 158 166 162 159 162 161 159 157 155 154 153 152 152 151 151 151 151 151 151 152 152 153 153 153 151 147 145 138 136 138 141 145 149 153 155
-32768 -32768 -32768 -32768 -32768 -32768 -32768 -32768 -32768 -32768 -32768 -32768 -32768 -32768 -32768 -32768 -32768 -32768 -32768 -32768 -32768 -32768 -32768 -32768 -32768 -32768 -32768 -32768 118 126 137 144 147 148 149 158 160 160 162 170 167 174 173 174 177 176 165 155 140 156 150 135 139 149 163 164 164 163 161 159 158 157 155 154 153 153 152 152 152 151 152 152 152 153 153 154 154 153 151 148 145 145 142 141 143 147 149 154
-32768 -32768 -32768 -32768 -32768 -32768 -32768 -32768 -32768 -32768 -32768 -32768 -32768 -32768 -32768 -32768 -32768 -32768 -32768 -32768 -32768 -32768 -32768 -32768 -32768 -32768 -32768 -32768 -32768 120 128 139 146 150 151 157 160 161 161 167 164 156 162 170 174 173 164 155 140 147 154 139 139 148 151 157 163 163 161 160 159 157 156 154 154 153 153 152 152 152 152 152 152 152 153 153 154 153 152 151 150 148 144 141 144 145 149 153
-32768 -32768 -32768 -32768 -32768 -32768 -32768 -32768 -32768 -32768 -32768 -32768 -32768 -32768 -32768 -32768 -32768 -32768 -32768 -32768 -32768 -32768 -32768 -32768 -32768 -32768 -32768 -32768 -32768 120 127 132 137 145 151 155 158 162 165 167 169 162 154 167 171 177 171 155 135 132 143 153 142 142 143 154 160 164 162 161 159 157 156 155 154 153 153 153 153 152 153 153 153 153 153 153 153 153 152 151 150 148 141 140 144 144 147 149
-32768 -32768 -32768 -32768 -32768 -32768 -32768 -32768 -32768 -32768 -32768 -32768 -32768 -32768 -32768 -32768 -32768 -32768 -32768 -32768 -32768 -32768 -32768 -32768 -32768 -32768 -32768 -32768 -32768 113 119 127 133 140 148 152 156 161 163 164 164 168 162 157 155 162 168 168 147 137 148 151 145 152 149 149 158 164 162 161 160 158 157 156 155 154 153 153 153 153 153 152 152 152 152 152 152 152 152 151 150 148 145 144 145 145 146 147
-32768 -32768 -32768 -32768 -32768 -32768 -32768 -32768 -32768 -32768 -32768 -32768 -32768 -32768 -32768 -32768 -32768 -32768 -32768 -32768 -32768 -32768 -32768 -32768 -32768 -32768 -32768 -32768 -32768 109 116 127 135 137 145 152 155 158 162 161 165 169 171 168 162 140 145 157 148 134 147 159 155 144 141 141 153 164 164 162 161 159 158 156 155 154 154 154 154 153 153 153 153 152 153 152 152 152 152 151 150 149 149 148 145 144 145 147
-32768 -32768 -32768 -32768 -32768 -32768 -32768 -32768 -32768 -32768 -32768 -32768 -32768 -32768 -32768 -32768 -32768 -32768 -32768 -32768 -32768 -32768 -32768 -32768 -32768 -32768 -32768 -32768 104 110 116 122 129 137 141 146 153 156 160 164 164 167 171 169 170 159 140 152 167 158 156 162 152 144 137 154 160 162 164 162 161 160 158 157 156 155 155 154 154 153 153 153 153 152 152 152 152 151 151 150 150 149 149 148 146 144 144 146
-32768 -32768 -32768 -32768 -32768 -32768 -32768 -32768 -32768 -32768 -32768 -32768 -32768 -32768 -32768 -32768 -32768 -32768 -32768 -32768 -32768 -32768 -32768 -32768 -32768 -32768 -32768 -32768 104 109 115 120 129 134 137 140 146 154 159 163 165 166 169 168 171 157 149 162 170 172 165 164 147 137 140 139 160 165 165 163 162 160 159 158 157 156 156 155 155 154 154 153 153 153 152 152 152 151 151 150 150 149 149 148 146 145 144 145
-32768 -32768 -32768 -32768 -32768 -32768 -32768 -32768 -32768 -32768 -32768 -32768 -32768 -32768 -32768 -32768 -32768 -32768 -32768 -32768 -32768 -32768 -32768 -32768 -32768 -32768 -32768 -32768 104 110 116 120 126 136 138 144 148 154 158 161 164 162 165 167 168 168 162 165 167 170 168 159 138 128 133 152 161 164 165 164 162 161 160 159 158 156 156 155 155 154 154 153 153 152 153 152 152 151 151 150 150 149 149 148 147 145 145 145
-32768 -32768 -32768 -32768 -32768 -32768 -32768 -32768 -32768 -32768 -32768 -32768 -32768 -32768 -32768 -32768 -32768 -32768 -32768 -32768 -32768 -32768 -32768 -32768 -32768 -32768 -32768 -32768 104 110 117 120 123 128 133 140 147 152 155 158 161 160 166 168 171 171 164 160 157 164 168 165 152 138 135 156 166 166 165 164 163 162 161 160 159 158 157 156 156 155 154 154 153 152 153 152 152 151 151 150 150 149 149 148 147 145 145 144
-32768 -32768 -32768 -32768 -32768 -32768 -32768 -32768 -32768 -32768 -32768 -32768 -32768 -32768 -32768 -32768 -32768 -32768 -32768 -32768 -32768 -32768 -32768 -32768 -32768 -32768 -32768 -32768 103 109 113 114 119 124 130 135 141 148 153 157 160 158 164 167 169 170 169 161 151 153 160 165 158 145 140 149 154 153 162 165 163 162 162 160 160 158 158 156 156 155 155 154 153 153 153 152 152 151 151 150 150 149 148 147 146 145 144 144
-32768 -32768 -32768 -32768 -32768 -32768 -32768 -32768 -32768 -32768 -32768 -32768 -32768 -32768 -32768 -32768 -32768 -32768 -32768 -32768 -32768 -32768 -32768 -32768 -32768 -32768 -32768 -32768 103 108 112 115 119 122 130 135 141 147 151 154 158 161 160 164 167 169 171 164 165 160 154 155 159 149 133 144 155 161 161 165 164 160 162 162 161 159 159 157 157 156 155 154 154 153 153 152 152 151 151 150 150 149 148 147 146 144 144 143
-32768 -32768 -32768 -32768 -32768 -32768 -32768 -32768 -32768 -32768 -32768 -32768 -32768 -32768 -32768 -32768 -32768 -32768 -32768 -32768 -32768 -32768 -32768 -32768 -32768 -32768 -32768 -32768 -32768 106 110 115 120 122 128 133 138 142 148 153 155 159 159 161 165 166 167 164 159 168 161 151 151 160 155 142 150 154 153 161 164 161 162 162 161 160 159 158 157 156 155 154 154 153 153 151 149 149 151 151 150 149 148 146 145 144 143 143
-32768 -32768 -32768 -32768 -32768 -32768 -32768 -32768 -32768 -32768 -32768 -32768 -32768 -32768 -32768 -32768 -32768 -32768 -32768 -32768 -32768 -32768 -32768 -32768 -32768 -32768 -32768 -32768 -32768 106 110 113 117 121 125 131 136 142 147 150 154 157 156 158 163 158 159 165 169 169 171 162 148 147 160 161 156 160 155 162 162 163 163 162 162 161 160 159 158 157 156 155 155 154 154 152 151 151 152 151 151 150 148 146 144 143 142 142
-32768 -32768 -32768 -32768 -32768 -32768 -32768 -32768 -32768 -32768 -32768 -32768 -32768 -32768 -32768 -32768 -32768 -32768 -32768 -32768 -32768 -32768 -32768 -32768 -32768 -32768 -32768 -32768 -32768 -32768 110 116 117 118 121 128 132 138 144 148 148 153 155 155 161 157 153 160 167 170 171 166 154 144 155 150 157 158 166 161 157 164 164 164 163 162 161 160 159 158 157 156 155 155 154 153 153 153 152 151 151 150 149 146 144 141 141 141
-32768 -32768 -32768 -32768 -32768 -32768 -32768 -32768 -32768 -32768 -32768 -32768 -32768 -32768 -32768 -32768 -32768 -32768 -32768 -32768 -32768 -32768 -32768 -32768 -32768 -32768 -32768 -32768 -32768 -32768 105 112 120 123 124 124 127 139 142 146 147 152 154 153 159 157 157 161 167 169 171 172 169 156 161 164 160 160 164 162 151 164 165 165 164 163 162 161 161 159 158 157 157 156 155 154 154 153 152 152 151 150 149 146 144 141 141 141
-32768 -32768 -32768 -32768 -32768 -32768 -32768 -32768 -32768 -32768 -32768 -32768 -32768 -32768 -32768 -32768 -32768 -32768 -32768 -32768 -32768 -32768 -32768 -32768 -32768 -32768 -32768 -32768 -32768 -32768 -32768 111 117 122 127 129 126 128 138 143 146 148 152 154 155 154 151 156 165 168 170 171 171 166 159 166 167 169 167 163 153 160 164 163 160 164 164 162 162 160 159 158 157 156 156 155 154 153 153 151 151 149 148 146 144 142 141 141
-32768 -32768 -32768 -32768 -32768 -32768 -32768 -32768 -32768 -32768 -32768 -32768 -32768 -32768 -32768 -32768 -32768 -32768 -32768 -32768 -32768 -32768 -32768 -32768 -32768 -32768 -32768 -32768 -32768 -32768 -32768 106 116 121 123 129 127 131 132 138 145 147 150 152 153 156 153 153 162 166 169 170 170 171 169 169 167 165 170 165 159 159 161 163 157 164 164 163 163 162 161 159 159 157 156 155 155 154 153 151 151 149 148 145 144 142 142 141
-32768 -32768 -32768 -32768 -32768 -32768 -32768 -32768 -32768 -32768 -32768 -32768 -32768 -32768 -32768 -32768 -32768 -32768 -32768 -32768 -32768 -32768 -32768 -32768 -32768 -32768 -32768 -32768 -32768 -32768 97 100 112 118 122 125 130 130 133 135 141 143 147 149 150 152 157 158 155 162 167 168 165 151 170 171 169 168 167 168 168 162 161 162 155 164 163 162 163 163 162 160 159 158 157 156 155 154 153 151 150 148 147 145 144 142 141 140
-32768 -32768 -32768 -32768 -32768 -32768 -32768 -32768 -32768 -32768 -32768 -32768 -32768 -32768 -32768 -32768 -32768 -32768 -32768 -32768 -32768 -32768 -32768 -32768 -32768 -32768 -32768 -32768 -32768 -32768 96 99 105 113 121 124 125 130 132 136 138 141 141 145 149 152 155 158 153 158 163 164 162 160 163 167 170 169 166 154 153 159 164 164 154 159 162 161 163 163 163 161 160 159 158 156 155 154 153 151 150 148 147 145 144 142 141 141
-32768 -32768 -32768 -32768 -32768 -32768 -32768 -32768 -32768 -32768 -32768 -32768 -32768 -32768 -32768 -32768 -32768 -32768 -32768 -32768 -32768 -32768 -32768 -32768 -32768 -32768 -32768 -32768 -32768 -32768 -32768 99 105 108 118 119 120 126 130 134 137 138 143 145 147 151 153 154 150 151 153 158 151 148 150 155 162 169 165 158 149 147 153 155 158 158 165 157 160 163 163 162 161 159 158 156 156 154 152 151 149 148 146 144 143 142 141 140
-32768 -32768 -32768 -32768 -32768 -32768 -32768 -32768 -32768 -32768 -32768 -32768 -32768 -32768 -32768 -32768 -32768 -32768 -32768 -32768 -32768 -32768 -32768 -32768 -32768 -32768 -32768 -32768 -32768 -32768 -32768 -32768 100 108 110 117 120 124 125 131 135 138 140 143 145 149 151 153 150 151 150 148 146 149 144 150 158 161 160 164 157 154 150 154 149 147 165 162 157 163 164 163 161 159 158 157 156 154 153 151 149 147 146 144 143 141 140 140
-32768 -32768 -32768 -32768 -32768 -32768 -32768 -32768 -32768 -32768 -32768 -32768 -32768 -32768 -32768 -32768 -32768 -32768 -32768 -32768 -32768 -32768 -32768 -32768 -32768 -32768 -32768 -32768 -32768 -32768 -32768 -32768 -32768 103 108 110 113 120 122 126 131 135 137 139 142 146 149 149 153 156 156 154 150 139 138 142 155 165 164 161 163 160 160 155 155 148 158 167 156 160 164 163 161 160 158 157 155 154 152 150 149 147 146 144 142 141 140 139
-32768 -32768 -32768 -32768 -32768 -32768 -32768 -32768 -32768 -32768 -32768 -32768 -32768 -32768 -32768 -32768 -32768 -32768 -32768 -32768 -32768 -32768 -32768 -32768 -32768 -32768 -32768 -32768 -32768 -32768 -32768 -32768 -32768 -32768 104 105 109 115 118 123 125 132 135 137 140 142 145 148 150 154 154 149 145 144 141 153 160 163 163 163 162 163 158 148 156 155 149 165 165 158 164 163 161 159 158 157 156 154 152 151 149 147 146 144 142 140 139 138
-32768 -32768 -32768 -32768 -32768 -32768 -32768 -32768 -32768 -32768 -32768 -32768 -32768 -32768 -32768 -32768 -32768 -32768 -32768 -32768 -32768 -32768 -32768 -32768 -32768 -32768 -32768 -32768 -32768 -32768 -32768 -32768 -32768 -32768 -32768 102 106 109 114 118 125 129 130 135 138 140 143 146 148 150 153 154 151 151 143 143 155 157 158 160 158 159 162 154 159 159 148 159 166 164 163 162 160 159 158 156 155 154 152 150 149 147 145 143 142 140 138 137
-32768 -32768 -32768 -32768 -32768 -32768 -32768 -32768 -32768 -32768 -32768 -32768 -32768 -32768 -32768 -32768 -32768 -32768 -32768 -32768 -32768 -32768 -32768 -32768 -32768 -32768 -32768 -32768 -32768 -32768 -32768 -32768 -32768 -32768 -32768 -32768 -32768 107 111 115 117 124 125 131 135 138 140 144 146 148 151 152 154 155 157 151 140 147 144 147 154 156 159 160 159 162 152 144 156 160 162 161 160 158 157 156 155 154 152 150 149 147 145 143 142 139 138 137
-32768 -32768 -32768 -32768 -32768 -32768 -32768 -32768 -32768 -32768 -32768 -32768 -32768 -32768 -32768 -32768 -32768 -32768 -32768 -32768 -32768 -32768 -32768 -32768 -32768 -32768 -32768 -32768 -32768 -32768 -32768 -32768 -32768 -32768 -32768 -32768 -32768 -32768 108 113 116 121 122 127 132 135 138 141 144 146 148 151 152 153 155 155 149 144 139 143 156 159 158 156 160 162 156 142 141 147 160 159 158 157 156 155 155 153 152 150 149 147 145 143 142 139 138 137
-32768 -32768 -32768 -32768 -32768 -32768 -32768 -32768 -32768 -32768 -32768 -32768 -32768 -32768 -32768 -32768 -32768 -32768 -32768 -32768 -32768 -32768 -32768 -32768 -32768 -32768 -32768 -32768 -32768 -32768 -32768 -32768 -32768 -32768 -32768 -32768 -32768 -32768 -32768 109 114 118 123 127 129 132 135 138 141 145 147 148 151 151 152 153 154 155 152 143 137 147 156 157 151 158 160 148 141 144 156 157 157 156 155 154 154 153 152 150 149 147 146 144 142 140 139 137
-32768 -32768 -32768 -32768 -32768 -32768 -32768 -32768 -32768 -32768 -32768 -32768 -32768 -32768 -32768 -32768 -32768 -32768 -32768 -32768 -32768 -32768 -32768 -32768 -32768 -32768 -32768 -32768 -32768 -32768 -32768 -32768 -32768 -32768 -32768 -32768 -32768 -32768 -32768 101 108 115 120 124 127 129 132 136 138 143 146 147 148 150 150 150 149 148 151 156 149 138 146 147 142 141 157 156 149 142 151 155 155 154 154 153 153 152 151 149 148 147 146 144 143 141 139 138
-32768 -32768 -32768 -32768 -32768 -32768 -32768 -32768 -32768 -32768 -32768 -32768 -32768 -32768 -32768 -32768 -32768 -32768 -32768 -32768 -32768 -32768 -32768 -32768 -32768 -32768 -32768 -32768 -32768 -32768 -32768 -32768 -32768 -32768 -32768 -32768 -32768 -32768 -32768 -32768 -32768 106 115 122 124 127 130 134 137 141 145 146 147 147 147 147 147 140 136 145 156 155 151 149 145 145 152 154 153 149 151 154 153 153 153 152 152 151 150 149 148 147 146 145 144 142 140 139
-32768 -32768 -32768 -32768 -32768 -32768 -32768 -32768 -32768 -32768 -32768 -32768 -32768 -32768 -32768 -32768 -32768 -32768 -32768 -32768 -32768 -32768 -32768 -32768 -32768 -32768 -32768 -32768 -32768 -32768 -32768 -32768 -32768 -32768 -32768 -32768 -32768 -32768 -32768 -32768 -32768 -32768 -32768 118 119 125 127 132 137 141 145 146 146 144 143 145 145 142 137 135 149 157 156 151 141 137 145 146 148 139 146 152 152 152 151 151 150 149 149 148 147 146 146 145 144 142 141 140
-32768 -32768 -32768 -32768 -32768 -32768 -32768 -32768 -32768 -32768 -32768 -32768 -32768 -32768 -32768 -32768 -32768 -32768 -32768 -32768 -32768 -32768 -32768 -32768 -32768 -32768 -32768 -32768 -32768 -32768 -32768 -32768 -32768 -32768 -32768 -32768 -32768 -32768 -32768 -32768 -32768 -32768 -32768 -32768 117 120 125 130 134 138 145 147 144 143 141 141 144 145 145 137 136 148 156 154 142 134 140 142 141 134 146 149 151 151 150 149 148 147 147 146 146 145 145 145 144 143 142 142
-32768 -32768 -32768 -32768 -32768 -32768 -32768 -32768 -32768 -32768 -32768 -32768 -32768 -32768 -32768 -32768 -32768 -32768 -32768 -32768 -32768 -32768 -32768 -32768 -32768 -32768 -32768 -32768 -32768 -32768 -32768 -32768 -32768 -32768 -32768 -32768 -32768 -32768 -32768 -32768 -32768 -32768 -32768 -32768 -32768 120 124 128 131 136 140 144 142 141 141 141 143 141 148 148 134 139 148 152 150 138 136 139 143 132 141 147 149 149 147 146 145 145 145 145 145 145 145 144 144 143 143 142
-32768 -32768 -32768 -32768 -32768 -32768 -32768 -32768 -32768 -32768 -32768 -32768 -32768 -32768 -32768 -32768 -32768 -32768 -32768 -32768 -32768 -32768 -32768 -32768 -32768 -32768 -32768 -32768 -32768 -32768 -32768 -32768 -32768 -32768 -32768 -32768 -32768 -32768 -32768 -32768 -32768 -32768 -32768 -32768 -32768 -32768 121 126 130 134 137 138 140 140 140 142 142 134 135 150 140 131 140 149 148 146 139 139 143 142 137 144 145 144 143 142 143 143 144 144 144 144 144 144 145 144 144 144
-32768 -32768 -32768 -32768 -32768 -32768 -32768 -32768 -32768 -32768 -32768 -32768 -32768 -32768 -32768 -32768 -32768 -32768 -32768 -32768 -32768 -32768 -32768 -32768 -32768 -32768 -32768 -32768 -32768 -32768 -32768 -32768 -32768 -32768 -32768 -32768 -32768 -32768 -32768 -32768 -32768 -32768 -32768 -32768 -32768 -32768 118 123 126 130 133 135 137 138 139 141 143 136 128 145 152 144 139 144 144 142 139 131 138 141 140 141 139 137 137 138 140 141 142 142 143 143 144 144 145 144 145 144
-32768 -32768 -32768 -32768 -32768 -32768 -32768 -32768 -32768 -32768 -32768 -32768 -32768 -32768 -32768 -32768 -32768 -32768 -32768 -32768 -32768 -32768 -32768 -32768 -32768 -32768 -32768 -32768 -32768 -32768 -32768 -32768 -32768 -32768 -32768 -32768 -32768 -32768 -32768 -32768 -32768 -32768 -32768 -32768 -32768 -32768 -32768 -32768 124 126 129 131 133 135 136 139 141 142 139 143 150 148 142 141 139 137 135 133 137 138 138 138 135 131 132 135 137 139 141 142 143 143 144 144 145 145 146 146
