Lab10/future/bio7.asc
NCOLS 269 
NROWS 261 
XLLCORNER -125 
YLLCORNER 32.25 
CELLSIZE 0.0416666666666667 
NODATA_value -32768 
[rows 0 to 38 of 261, columns 0 to 87 of 269]
-32768.000000000000000 -32768 -32768 -32768 -32768 -32768 -32768 -32768 -32768 -32768 -32768 -32768 -32768 162 167 174 181 187 195 199 208 216 222 230 237 242 246 247 252 256 258 265 273 279 284 288 291 295 299 300 303 301 303 307 310 310 311 309 311 311 316 321 327 329 331 331 338 341 343 343 332 329 329 337 343 332 330 339 342 334 332 346 365 374 380 386 388 390 389 388 382 373 382 383 380 380 381 380
-32768 -32768 -32768 -32768 -32768 -32768 -32768 -32768 -32768 -32768 -32768 -32768 -32768 166 171 180 187 194 201 207 211 220 228 233 240 244 249 255 254 257 265 273 276 281 286 288 292 295 300 302 302 302 308 309 312 312 316 316 315 315 318 323 328 331 334 336 339 339 341 336 329 327 329 348 351 338 336 335 327 331 327 348 366 375 381 385 387 388 388 387 388 390 387 387 385 382 376 374
-32768 -32768 -32768 -32768 -32768 -32768 -32768 -32768 -32768 -32768 -32768 -32768 -32768 167 175 183 192 198 204 211 216 224 231 237 243 247 253 256 256 258 271 274 277 281 285 287 290 294 298 299 303 306 309 310 314 315 318 317 319 322 325 327 330 330 334 337 340 338 340 343 332 330 351 353 346 339 331 329 328 330 332 350 364 373 380 384 386 388 388 390 391 392 390 389 388 380 370 366
-32768 -32768 -32768 -32768 -32768 -32768 -32768 -32768 -32768 -32768 -32768 -32768 165 169 180 187 194 201 208 215 221 229 235 241 247 250 253 259 261 264 272 273 276 281 286 288 292 289 298 302 305 306 311 313 316 317 318 319 323 323 329 331 329 331 337 339 340 336 339 340 336 342 354 352 347 340 330 322 319 324 327 334 345 362 379 382 385 388 388 390 391 391 390 389 388 380 363 349
-32768 -32768 -32768 -32768 -32768 -32768 -32768 -32768 -32768 -32768 -32768 -32768 166 174 184 190 197 203 211 217 226 233 236 243 247 250 251 254 263 265 273 276 278 281 283 291 295 297 301 303 306 309 312 313 318 319 322 323 325 328 329 330 333 330 335 338 337 329 324 334 344 350 355 353 347 341 332 320 325 327 326 321 333 358 376 382 385 388 388 390 390 391 390 386 388 377 347 338
-32768 -32768 -32768 -32768 -32768 -32768 -32768 -32768 -32768 -32768 -32768 163 167 177 186 193 199 205 214 220 227 234 243 244 246 245 251 251 257 265 272 272 277 285 292 293 296 298 303 304 304 309 312 312 317 318 323 324 326 329 330 329 329 332 332 325 328 321 336 347 350 352 344 339 344 341 330 325 321 321 323 328 336 363 378 382 383 386 388 389 387 388 388 388 389 384 363 345
-32768 -32768 -32768 -32768 -32768 -32768 -32768 -32768 -32768 -32768 158 164 170 180 189 194 201 206 215 222 226 233 242 243 244 244 246 253 263 268 274 274 279 286 291 293 295 298 299 301 307 310 311 312 315 317 321 321 324 328 332 333 327 326 332 338 340 337 339 348 352 353 347 338 329 330 324 322 330 329 335 341 350 366 376 381 383 385 388 388 383 386 385 387 388 388 376 359
-32768 -32768 -32768 -32768 -32768 -32768 -32768 -32768 -32768 -32768 161 164 171 179 186 195 202 208 216 223 229 231 237 245 243 247 253 259 262 266 275 279 286 290 294 294 299 297 302 305 307 310 315 317 318 320 325 323 323 323 326 333 335 332 336 342 344 345 341 347 353 354 353 335 334 340 328 326 328 345 357 354 353 363 372 381 383 384 386 385 387 381 380 385 388 388 375 364
-32768 -32768 -32768 -32768 -32768 -32768 -32768 -32768 -32768 -32768 -32768 165 172 179 188 195 203 209 216 221 226 232 240 241 243 249 255 260 265 267 270 277 285 291 297 299 298 303 307 310 313 315 316 317 312 314 324 318 321 318 323 329 330 334 341 344 345 346 343 348 355 357 357 354 347 329 329 326 331 357 369 372 360 359 369 380 382 384 386 388 386 381 381 386 389 390 376 362
-32768 -32768 -32768 -32768 -32768 -32768 -32768 -32768 -32768 -32768 -32768 165 172 180 189 197 204 210 217 221 226 232 241 243 245 252 265 269 270 273 274 273 284 287 290 300 306 307 310 312 313 313 310 308 314 321 317 319 321 326 333 336 337 340 344 344 346 345 350 352 355 357 358 359 356 342 339 327 341 361 372 376 375 369 371 379 375 374 383 387 386 381 377 382 387 389 383 378
-32768 -32768 -32768 -32768 -32768 -32768 -32768 -32768 -32768 -32768 -32768 -32768 -32768 179 189 198 204 210 216 222 224 233 240 243 251 259 266 267 273 278 282 281 291 292 296 303 306 309 312 313 316 309 303 313 318 327 327 326 327 332 337 340 340 341 346 346 349 349 347 346 355 358 357 359 357 333 336 331 331 344 374 377 378 375 377 380 381 384 381 379 384 382 374 370 380 382 382 381
-32768 -32768 -32768 -32768 -32768 -32768 -32768 -32768 -32768 -32768 -32768 -32768 -32768 -32768 188 197 204 211 217 223 227 235 241 248 254 256 259 258 261 275 287 291 293 298 304 307 311 313 316 316 319 314 319 320 327 326 332 330 331 337 336 340 345 345 346 348 348 348 346 343 354 358 356 353 356 334 323 325 332 351 374 377 379 378 379 384 381 385 385 383 385 386 364 366 377 362 380 385
-32768 -32768 -32768 -32768 -32768 -32768 -32768 -32768 -32768 -32768 -32768 -32768 -32768 -32768 184 193 200 208 216 224 230 235 241 246 254 257 253 254 260 272 283 290 285 300 305 304 310 315 318 317 320 312 320 328 332 329 331 335 337 340 339 344 347 346 346 348 350 350 350 350 356 358 358 345 353 338 327 334 338 361 374 378 379 381 379 383 381 387 390 392 389 384 369 373 380 378 385 386
-32768 -32768 -32768 -32768 -32768 -32768 -32768 -32768 -32768 -32768 -32768 -32768 -32768 -32768 181 189 203 206 217 223 229 234 239 249 256 250 254 267 270 268 278 287 297 305 309 310 316 318 321 322 325 322 324 333 336 337 338 335 339 342 346 347 349 347 348 348 351 352 354 356 358 360 361 357 342 341 329 333 340 363 374 377 378 381 381 382 374 382 387 392 389 391 389 386 383 381 386 390
-32768 -32768 -32768 -32768 -32768 -32768 -32768 -32768 -32768 -32768 -32768 -32768 -32768 -32768 179 188 198 206 213 221 228 237 240 249 256 257 263 272 274 273 278 286 303 307 306 312 317 319 323 324 325 320 326 335 338 335 338 339 343 346 349 350 351 350 349 349 351 352 354 357 360 361 362 360 337 334 331 337 326 350 374 377 379 381 382 374 370 370 385 378 375 395 398 398 395 390 392 393
-32768 -32768 -32768 -32768 -32768 -32768 -32768 -32768 -32768 -32768 -32768 -32768 -32768 166 174 182 194 209 209 221 231 237 245 249 257 263 270 276 280 283 276 288 302 300 309 318 320 323 327 329 330 329 330 338 339 339 342 343 348 349 350 352 352 352 352 352 353 354 353 353 359 362 363 358 336 330 331 346 350 365 374 376 379 381 382 373 362 367 369 358 379 393 398 400 398 397 396 395
-32768 -32768 -32768 -32768 -32768 -32768 -32768 -32768 -32768 -32768 -32768 -32768 -32768 164 170 184 205 213 213 223 231 235 244 249 257 263 268 276 272 279 282 298 297 293 312 321 322 323 327 330 332 335 336 340 342 343 345 347 350 352 354 354 353 353 352 352 354 355 357 353 353 361 359 344 321 330 340 362 371 372 374 377 379 382 382 373 356 367 360 350 377 386 393 396 397 397 397 396
-32768 -32768 -32768 -32768 -32768 -32768 -32768 -32768 -32768 -32768 -32768 -32768 -32768 159 177 191 203 213 220 225 232 237 244 249 260 266 274 280 279 290 295 295 295 306 319 324 327 328 331 333 337 333 340 340 345 343 347 349 352 354 356 356 353 351 352 352 355 356 358 359 356 360 358 353 350 347 350 356 349 348 365 376 377 378 382 384 376 380 362 354 358 378 390 381 376 378 387 394
-32768 -32768 -32768 -32768 -32768 -32768 -32768 -32768 -32768 -32768 -32768 -32768 -32768 162 173 179 201 210 217 224 233 239 244 252 261 264 269 276 286 295 294 288 294 317 325 327 330 331 334 336 340 337 337 339 346 346 342 343 350 355 357 357 352 351 353 353 356 358 359 362 362 360 353 355 352 337 349 344 327 330 342 374 368 375 382 383 383 377 378 385 387 376 383 393 386 378 379 377
-32768 -32768 -32768 -32768 -32768 -32768 -32768 -32768 -32768 -32768 -32768 -32768 -32768 158 170 188 198 200 213 224 233 237 246 251 261 264 265 268 283 298 301 290 309 324 326 328 326 319 327 337 340 344 347 344 340 339 343 346 353 356 358 357 354 352 353 354 358 354 354 356 357 360 358 357 354 351 351 349 335 331 333 374 373 378 382 383 380 376 377 385 388 390 383 392 393 391 385 373
-32768 -32768 -32768 -32768 -32768 -32768 -32768 -32768 -32768 -32768 -32768 -32768 -32768 -32768 161 177 184 196 218 225 228 231 241 251 260 268 277 278 281 293 298 313 318 327 331 333 332 331 324 323 334 347 349 349 350 344 351 352 352 353 355 355 354 352 356 354 349 348 352 347 353 357 357 355 347 347 353 360 358 356 351 375 374 375 382 382 381 373 372 379 385 388 384 388 391 390 390 384
-32768 -32768 -32768 -32768 -32768 -32768 -32768 -32768 -32768 -32768 -32768 -32768 -32768 -32768 164 184 186 202 216 220 219 230 245 254 261 268 277 278 273 280 305 316 325 327 331 332 320 320 315 332 345 350 348 352 351 354 358 354 352 352 349 354 354 353 351 357 360 362 362 351 344 351 360 358 353 360 354 347 360 374 375 375 372 378 377 378 379 380 377 373 374 384 385 387 389 388 388 386
-32768 -32768 -32768 -32768 -32768 -32768 -32768 -32768 -32768 -32768 -32768 -32768 -32768 -32768 -32768 176 189 200 215 218 210 228 240 253 257 268 276 278 277 293 308 316 330 323 326 326 315 310 311 339 348 352 352 345 341 343 357 358 358 354 346 350 355 358 358 357 358 364 359 353 346 350 355 362 372 375 371 355 353 373 380 379 378 374 375 376 379 379 377 378 378 383 381 385 387 389 389 390
-32768 -32768 -32768 -32768 -32768 -32768 -32768 -32768 -32768 -32768 -32768 -32768 -32768 -32768 -32768 166 187 191 205 201 209 231 241 251 262 261 272 273 282 283 302 316 331 334 337 338 334 331 323 328 319 338 348 339 343 353 361 355 360 360 357 356 349 340 357 359 364 366 368 363 357 350 365 370 374 374 376 374 362 371 381 383 379 378 378 379 378 376 375 377 377 375 377 386 387 385 382 386
-32768 -32768 -32768 -32768 -32768 -32768 -32768 -32768 -32768 -32768 -32768 -32768 -32768 -32768 -32768 161 173 187 193 191 222 231 239 253 263 267 272 279 287 293 309 322 330 335 336 333 333 321 305 303 299 323 340 341 350 361 359 358 358 358 354 349 349 321 333 339 356 366 370 371 361 368 374 376 375 371 377 377 373 373 382 376 366 376 380 380 379 377 376 378 368 364 372 379 384 381 378 368
-32768 -32768 -32768 -32768 -32768 -32768 -32768 -32768 -32768 -32768 -32768 -32768 -32768 -32768 -32768 -32768 161 168 182 190 210 221 228 253 262 268 278 280 285 294 313 322 328 332 319 325 316 326 313 301 315 328 339 349 354 363 352 348 345 337 324 322 330 321 327 344 358 360 363 362 353 362 373 379 377 378 379 380 379 380 379 372 358 370 377 381 380 378 375 377 378 376 380 379 379 384 381 370
-32768 -32768 -32768 -32768 -32768 -32768 -32768 -32768 -32768 -32768 -32768 -32768 -32768 -32768 -32768 -32768 -32768 163 181 185 202 211 232 251 260 267 277 279 287 301 312 317 322 320 304 307 297 301 310 308 316 314 319 345 362 358 356 348 342 325 313 316 338 351 356 367 371 369 359 368 374 378 380 381 381 382 383 385 385 385 382 379 373 375 381 382 381 381 379 378 379 381 383 384 385 385 386 384
-32768 -32768 -32768 -32768 -32768 -32768 -32768 -32768 -32768 -32768 -32768 -32768 -32768 -32768 -32768 -32768 -32768 -32768 -32768 186 203 221 230 251 259 267 278 283 289 297 310 314 309 319 307 301 315 307 314 317 310 316 335 352 351 345 349 338 339 325 341 342 345 364 359 363 375 375 375 375 380 382 383 384 385 385 386 387 374 379 382 383 382 383 383 384 381 382 380 380 381 381 382 385 385 386 387 387
-32768 -32768 -32768 -32768 -32768 -32768 -32768 -32768 -32768 -32768 -32768 -32768 -32768 -32768 -32768 -32768 -32768 -32768 -32768 174 190 207 228 246 257 268 276 283 294 300 309 308 292 300 300 304 337 326 327 345 322 327 326 319 333 325 332 319 312 322 346 365 370 361 358 357 364 379 381 381 383 384 385 385 384 373 369 381 380 382 384 387 387 387 382 381 383 382 382 382 381 381 380 385 384 385 386 387
-32768 -32768 -32768 -32768 -32768 -32768 -32768 -32768 -32768 -32768 -32768 -32768 -32768 -32768 -32768 -32768 -32768 -32768 -32768 168 180 213 239 245 252 267 275 282 291 301 302 294 286 286 300 316 338 349 344 341 347 350 344 335 358 356 363 353 343 325 357 370 377 370 379 373 350 374 385 385 386 386 386 385 376 349 343 364 379 386 389 390 389 388 383 368 382 381 381 381 377 378 379 383 383 384 385 386
-32768 -32768 -32768 -32768 -32768 -32768 -32768 -32768 -32768 -32768 -32768 -32768 -32768 -32768 -32768 -32768 -32768 -32768 162 166 178 199 234 231 239 255 270 280 291 298 304 295 293 285 307 327 333 344 357 347 363 362 366 369 373 364 372 378 374 375 382 381 384 382 381 385 377 382 387 380 387 388 384 382 376 348 343 345 373 390 392 392 391 390 385 374 377 383 379 378 373 377 377 383 383 384 384 385
-32768 -32768 -32768 -32768 -32768 -32768 -32768 -32768 -32768 -32768 -32768 -32768 -32768 -32768 -32768 -32768 -32768 -32768 158 163 178 191 213 233 251 262 275 280 292 291 290 286 300 291 301 303 312 341 360 364 366 358 363 366 370 375 373 382 383 377 383 385 384 368 368 386 380 388 381 384 389 389 387 386 377 353 334 339 347 378 393 394 391 389 368 368 376 379 379 368 372 377 378 381 381 382 384 384
-32768 -32768 -32768 -32768 -32768 -32768 -32768 -32768 -32768 -32768 -32768 -32768 -32768 -32768 -32768 -32768 -32768 -32768 156 162 178 195 218 229 248 263 274 281 287 283 293 287 307 299 316 315 333 348 361 364 367 355 353 339 336 346 371 382 371 365 370 365 355 366 381 376 387 391 389 389 391 389 386 386 384 374 366 356 348 379 393 395 392 389 382 381 382 378 378 375 371 373 374 376 378 380 382 383
-32768 -32768 -32768 -32768 -32768 -32768 -32768 -32768 -32768 -32768 -32768 -32768 -32768 -32768 -32768 -32768 -32768 -32768 -32768 163 184 194 211 237 239 256 269 278 284 284 297 292 300 319 329 340 345 353 354 362 360 345 347 324 324 336 331 379 380 366 344 352 359 355 359 382 394 394 393 391 392 391 389 388 386 373 336 347 358 364 373 382 387 380 376 383 382 375 372 372 369 366 364 367 374 378 379 380
-32768 -32768 -32768 -32768 -32768 -32768 -32768 -32768 -32768 -32768 -32768 -32768 -32768 -32768 -32768 -32768 -32768 -32768 -32768 -32768 194 203 220 238 254 256 255 276 289 296 289 284 294 302 306 336 344 353 351 359 349 317 320 322 339 371 368 362 353 348 363 379 376 348 363 382 392 391 392 393 392 391 390 389 384 367 343 349 357 368 372 368 381 383 376 381 376 367 370 365 360 357 359 361 367 376 378 380
-32768 -32768 -32768 -32768 -32768 -32768 -32768 -32768 -32768 -32768 -32768 -32768 -32768 -32768 -32768 -32768 -32768 -32768 -32768 -32768 194 196 216 229 254 263 265 277 286 293 293 284 298 320 318 331 344 354 348 334 352 334 304 319 351 371 362 368 383 385 391 389 382 377 375 364 377 382 391 393 392 390 391 390 383 359 341 366 364 369 373 378 379 381 380 379 372 365 364 359 350 344 347 351 357 369 375 378
-32768 -32768 -32768 -32768 -32768 -32768 -32768 -32768 -32768 -32768 -32768 -32768 -32768 -32768 -32768 -32768 -32768 -32768 -32768 -32768 -32768 183 204 212 243 260 270 278 280 292 283 291 311 324 317 340 345 350 339 313 321 330 310 309 336 335 311 346 388 385 393 399 388 389 378 367 352 372 386 392 391 390 391 389 386 380 369 366 349 357 366 372 375 377 375 371 353 356 355 350 339 339 337 339 350 367 372 377
-32768 -32768 -32768 -32768 -32768 -32768 -32768 -32768 -32768 -32768 -32768 -32768 -32768 -32768 -32768 -32768 -32768 -32768 -32768 -32768 -32768 181 183 218 227 252 271 279 284 282 288 290 305 318 333 339 333 341 326 302 307 313 312 313 315 305 319 347 379 389 393 400 396 378 370 370 360 377 388 391 390 390 389 387 383 380 376 370 349 351 363 344 350 368 366 358 350 350 345 347 342 340 343 343 352 365 374 378
-32768 -32768 -32768 -32768 -32768 -32768 -32768 -32768 -32768 -32768 -32768 -32768 -32768 -32768 -32768 -32768 -32768 -32768 -32768 -32768 -32768 -32768 190 193 206 256 270 277 285 288 293 303 305 322 327 339 338 318 310 305 315 346 333 337 313 312 323 342 360 385 395 397 384 362 354 364 357 373 383 389 388 389 386 383 377 373 372 363 329 337 356 346 336 347 355 353 350 353 355 357 353 352 353 357 352 366 378 380
