Lab10/future/bio7.asc
NCOLS 269 
NROWS 261 
XLLCORNER -125 
YLLCORNER 32.25 
CELLSIZE 0.0416666666666667 
NODATA_value -32768 
[rows 39 to 77 of 261, columns 0 to 87 of 269]
-32768 -32768 -32768 -32768 -32768 -32768 -32768 -32768 -32768 -32768 -32768 -32768 -32768 -32768 -32768 -32768 -32768 -32768 -32768 -32768 -32768 -32768 195 203 217 238 260 276 278 293 301 303 302 316 330 339 344 324 324 338 333 360 344 331 311 316 319 327 337 356 391 395 386 372 350 353 356 370 375 373 382 383 381 376 368 357 345 339 340 344 344 345 338 349 356 363 362 364 364 365 363 363 361 365 367 374 379 380
-32768 -32768 -32768 -32768 -32768 -32768 -32768 -32768 -32768 -32768 -32768 -32768 -32768 -32768 -32768 -32768 -32768 -32768 -32768 -32768 -32768 -32768 196 216 225 228 247 266 281 291 298 304 303 307 320 337 343 338 351 357 361 344 310 313 335 348 331 316 332 352 381 391 375 375 357 353 355 351 339 356 370 377 373 369 360 333 316 312 325 341 342 351 353 354 367 368 366 369 370 372 373 372 369 370 373 376 377 378
-32768 -32768 -32768 -32768 -32768 -32768 -32768 -32768 -32768 -32768 -32768 -32768 -32768 -32768 -32768 -32768 -32768 -32768 -32768 -32768 -32768 -32768 192 209 232 225 251 277 285 283 297 303 305 318 319 336 346 350 356 345 330 310 309 326 329 348 330 327 323 333 370 383 381 362 364 362 356 336 320 341 352 366 365 364 358 332 309 304 323 342 360 368 371 372 370 362 363 371 371 374 376 378 377 376 377 378 378 379
-32768 -32768 -32768 -32768 -32768 -32768 -32768 -32768 -32768 -32768 -32768 -32768 -32768 -32768 -32768 -32768 -32768 -32768 -32768 -32768 -32768 -32768 189 199 231 243 241 259 283 289 299 300 312 322 329 337 343 348 355 343 314 311 310 353 352 336 358 347 313 339 369 372 375 359 367 359 344 324 324 327 326 346 360 360 362 348 329 326 337 353 365 372 375 376 362 357 362 371 371 374 377 382 382 377 378 379 379 380
-32768 -32768 -32768 -32768 -32768 -32768 -32768 -32768 -32768 -32768 -32768 -32768 -32768 -32768 -32768 -32768 -32768 -32768 -32768 -32768 -32768 174 189 208 232 241 252 254 283 290 297 303 313 319 329 337 326 333 354 353 348 341 348 369 367 347 367 342 317 317 350 367 373 367 364 350 334 325 338 324 320 334 357 360 362 360 352 352 358 367 372 375 377 379 375 372 369 371 368 374 378 383 385 370 375 379 378 379
-32768 -32768 -32768 -32768 -32768 -32768 -32768 -32768 -32768 -32768 -32768 -32768 -32768 -32768 -32768 -32768 -32768 -32768 -32768 -32768 -32768 176 198 210 241 247 261 256 270 283 296 305 311 319 328 334 323 320 349 355 362 364 352 337 347 353 348 318 314 312 334 348 349 333 337 337 346 351 340 325 331 345 357 363 366 366 360 363 371 375 377 378 378 379 376 376 376 371 370 376 378 383 386 384 377 375 374 376
-32768 -32768 -32768 -32768 -32768 -32768 -32768 -32768 -32768 -32768 -32768 -32768 -32768 -32768 -32768 -32768 -32768 -32768 -32768 -32768 -32768 175 206 207 237 253 256 268 280 274 296 304 309 318 329 334 320 310 337 339 359 367 367 362 338 332 341 337 326 319 325 319 321 317 330 345 362 345 330 328 337 343 345 352 356 373 366 368 376 378 379 377 373 372 372 374 374 370 373 377 381 385 387 388 389 391 387 375
-32768 -32768 -32768 -32768 -32768 -32768 -32768 -32768 -32768 -32768 -32768 -32768 -32768 -32768 -32768 -32768 -32768 -32768 -32768 -32768 164 178 217 216 222 246 257 271 282 281 289 297 309 316 324 327 334 308 307 325 350 355 365 365 350 353 362 332 316 313 318 322 316 324 336 347 364 345 340 333 332 339 355 355 368 376 366 368 377 376 378 371 363 359 355 357 364 366 373 377 380 384 388 390 390 391 393 384
-32768 -32768 -32768 -32768 -32768 -32768 -32768 -32768 -32768 -32768 -32768 -32768 -32768 -32768 -32768 -32768 -32768 -32768 -32768 -32768 168 174 202 232 237 235 261 273 279 282 297 296 310 318 319 303 315 315 307 311 326 328 356 364 367 371 352 326 315 319 324 337 333 328 347 368 363 349 349 348 341 345 360 371 378 366 361 370 372 372 373 364 355 366 376 374 375 364 364 370 377 383 390 393 391 393 395 394
-32768 -32768 -32768 -32768 -32768 -32768 -32768 -32768 -32768 -32768 -32768 -32768 -32768 -32768 -32768 -32768 -32768 -32768 -32768 -32768 174 187 197 212 240 242 247 271 281 283 286 292 310 317 309 302 298 315 331 331 336 312 327 344 342 359 362 346 318 327 333 333 353 360 361 367 338 345 354 342 337 340 358 374 370 359 370 373 372 374 370 369 368 378 377 371 366 361 367 374 381 384 390 394 394 395 396 397
-32768 -32768 -32768 -32768 -32768 -32768 -32768 -32768 -32768 -32768 -32768 -32768 -32768 -32768 -32768 -32768 -32768 -32768 -32768 -32768 166 180 200 213 228 245 247 259 278 287 293 287 309 317 319 310 299 308 337 342 346 323 318 323 327 322 337 350 328 326 319 314 328 342 369 375 355 358 339 343 339 353 372 378 375 365 368 377 374 368 365 373 378 382 380 378 368 363 372 383 389 386 380 394 394 396 397 397
-32768 -32768 -32768 -32768 -32768 -32768 -32768 -32768 -32768 -32768 -32768 -32768 -32768 -32768 -32768 -32768 -32768 -32768 -32768 -32768 -32768 170 183 199 219 246 251 260 279 287 294 298 299 315 326 329 313 314 320 351 335 348 342 328 344 331 307 314 313 317 314 319 319 345 368 379 375 373 358 355 351 369 379 373 370 358 372 372 368 361 375 373 378 382 382 375 367 372 380 386 390 392 392 387 390 395 397 397
-32768 -32768 -32768 -32768 -32768 -32768 -32768 -32768 -32768 -32768 -32768 -32768 -32768 -32768 -32768 -32768 -32768 -32768 -32768 -32768 -32768 165 181 201 226 239 264 257 276 285 292 301 302 317 325 322 320 319 340 352 350 337 317 329 350 319 301 310 318 323 314 318 340 352 374 381 377 361 352 357 371 378 374 371 368 362 371 377 371 371 375 372 377 376 378 378 369 378 379 380 388 392 395 397 392 395 394 394
-32768 -32768 -32768 -32768 -32768 -32768 -32768 -32768 -32768 -32768 -32768 -32768 -32768 -32768 -32768 -32768 -32768 -32768 -32768 -32768 152 160 177 189 233 230 248 264 273 286 295 301 303 312 323 325 319 330 351 348 343 332 307 330 354 334 310 321 322 338 311 320 347 371 371 378 372 361 354 363 375 376 376 375 370 371 374 371 371 376 374 373 376 374 373 367 367 371 377 380 385 389 394 393 391 391 392 392
-32768 -32768 -32768 -32768 -32768 -32768 -32768 -32768 -32768 -32768 -32768 -32768 -32768 -32768 -32768 -32768 -32768 -32768 -32768 -32768 148 156 174 182 211 229 250 269 271 286 292 301 309 309 320 330 327 345 345 338 331 317 321 338 361 358 325 345 329 356 327 343 369 376 369 374 363 353 362 362 370 369 376 374 371 372 375 369 372 373 373 372 374 376 372 364 356 367 375 379 383 387 391 392 388 387 384 383
-32768 -32768 -32768 -32768 -32768 -32768 -32768 -32768 -32768 -32768 -32768 -32768 -32768 -32768 -32768 -32768 -32768 -32768 -32768 138 144 154 174 202 197 222 249 268 277 283 286 299 309 315 321 328 338 341 343 333 332 354 338 342 370 361 353 354 322 344 364 376 381 380 376 369 360 366 365 361 373 373 374 374 372 374 373 367 372 371 373 376 373 374 371 367 364 362 372 376 374 378 385 389 384 385 382 380
-32768 -32768 -32768 -32768 -32768 -32768 -32768 -32768 -32768 -32768 -32768 -32768 -32768 -32768 -32768 -32768 -32768 -32768 -32768 134 143 154 178 204 224 218 234 265 280 285 292 289 303 315 322 327 338 334 345 350 355 351 338 341 374 375 376 339 320 337 370 372 376 377 371 366 365 372 364 366 369 372 371 371 371 370 367 371 372 371 372 371 370 372 368 361 358 360 364 367 349 358 371 381 389 385 373 373
-32768 -32768 -32768 -32768 -32768 -32768 -32768 -32768 -32768 -32768 -32768 -32768 -32768 -32768 -32768 -32768 -32768 -32768 132 137 148 162 173 209 234 235 228 254 279 283 294 288 299 312 323 322 330 338 342 355 362 364 361 355 377 380 381 361 357 373 374 378 374 379 361 361 365 372 369 364 363 369 369 370 370 370 372 372 371 371 369 370 370 369 365 357 346 348 357 360 356 361 363 372 385 386 374 372
-32768 -32768 -32768 -32768 -32768 -32768 -32768 -32768 -32768 -32768 -32768 -32768 -32768 -32768 -32768 -32768 -32768 131 135 143 156 172 183 206 241 252 248 257 279 281 289 296 307 312 324 329 320 314 323 333 336 364 371 366 348 354 382 381 371 386 379 379 381 373 359 366 373 371 362 364 368 368 368 369 368 368 370 370 370 369 369 368 368 366 363 358 349 347 354 357 350 344 343 356 377 382 374 373
-32768 -32768 -32768 -32768 -32768 -32768 -32768 -32768 -32768 -32768 -32768 -32768 -32768 -32768 -32768 -32768 -32768 133 139 154 162 172 189 208 235 248 263 257 278 281 286 290 302 305 319 331 333 329 335 337 338 340 339 345 337 342 370 378 376 383 383 384 379 367 364 371 374 370 369 364 367 367 368 370 370 371 371 372 372 370 370 368 365 364 364 363 358 354 354 350 343 333 342 347 362 372 372 368
-32768 -32768 -32768 -32768 -32768 -32768 -32768 -32768 -32768 -32768 -32768 -32768 -32768 -32768 -32768 -32768 132 135 142 154 176 197 215 222 228 251 262 269 271 283 294 297 298 299 301 327 337 340 345 348 353 348 326 334 345 336 360 377 382 384 376 362 361 370 366 371 371 369 366 366 366 368 369 370 370 370 372 371 371 371 370 369 366 363 363 364 362 358 348 343 341 347 350 353 368 374 374 363
-32768 -32768 -32768 -32768 -32768 -32768 -32768 -32768 -32768 -32768 -32768 -32768 -32768 -32768 -32768 131 134 138 144 153 165 186 215 229 226 247 253 267 278 285 290 299 303 307 297 312 337 344 342 345 347 358 349 344 355 359 360 358 374 379 380 371 363 361 357 351 346 368 365 364 367 369 370 371 370 371 372 372 371 371 369 367 364 362 361 362 362 359 352 345 345 345 350 357 364 363 352 349
-32768 -32768 -32768 -32768 -32768 -32768 -32768 -32768 -32768 -32768 -32768 -32768 -32768 -32768 -32768 135 146 152 152 156 165 181 195 215 232 241 262 272 279 287 292 295 308 310 312 303 332 341 335 326 334 347 362 368 370 368 362 345 347 371 366 362 348 335 342 349 354 359 367 365 365 367 370 371 372 372 372 371 370 369 369 367 361 357 358 359 358 359 360 358 352 346 344 348 349 346 347 341
-32768 -32768 -32768 -32768 -32768 -32768 -32768 -32768 -32768 -32768 -32768 -32768 -32768 -32768 133 146 163 175 174 171 171 180 193 203 224 246 257 270 277 281 295 300 306 313 314 304 313 337 324 325 325 335 359 365 358 355 353 350 354 367 360 351 342 348 362 370 367 369 366 366 367 369 371 372 373 373 371 370 369 367 365 362 358 355 356 357 357 358 360 359 354 345 341 336 341 343 341 346
-32768 -32768 -32768 -32768 -32768 -32768 -32768 -32768 -32768 -32768 -32768 -32768 -32768 -32768 136 149 163 172 189 186 190 187 206 217 223 235 248 260 272 280 296 302 307 311 318 321 305 334 342 329 326 331 339 357 363 358 361 345 330 350 355 354 362 360 369 372 370 368 367 366 368 368 368 370 371 372 372 371 369 367 364 359 356 355 355 356 357 358 359 357 350 339 332 327 332 338 343 343
-32768 -32768 -32768 -32768 -32768 -32768 -32768 -32768 -32768 -32768 -32768 -32768 -32768 -32768 143 158 166 171 184 195 209 213 211 212 217 234 252 268 278 285 293 302 307 302 303 325 324 323 334 319 326 335 345 347 359 356 351 336 332 349 363 371 375 374 373 372 370 369 368 367 368 368 368 369 370 370 371 370 368 365 362 361 362 359 355 353 356 359 358 354 345 335 330 336 335 340 348 354
-32768 -32768 -32768 -32768 -32768 -32768 -32768 -32768 -32768 -32768 -32768 -32768 -32768 -32768 142 159 181 191 194 207 214 222 230 234 236 232 250 266 277 284 295 296 300 309 305 321 324 327 335 329 337 347 346 337 327 341 349 344 351 355 371 371 375 375 373 371 369 368 368 368 368 368 368 368 369 369 369 369 366 365 364 363 361 358 356 354 355 357 352 346 342 337 339 345 344 346 348 355
-32768 -32768 -32768 -32768 -32768 -32768 -32768 -32768 -32768 -32768 -32768 -32768 -32768 -32768 -32768 149 159 170 187 201 218 228 228 225 233 240 245 261 279 287 295 302 306 304 300 307 322 331 322 317 344 336 332 326 320 335 338 350 363 364 371 376 376 375 372 371 370 368 369 368 368 368 368 367 369 368 368 368 365 365 365 362 357 353 353 352 354 356 357 352 346 346 346 350 351 353 355 361
-32768 -32768 -32768 -32768 -32768 -32768 -32768 -32768 -32768 -32768 -32768 -32768 -32768 -32768 -32768 152 154 164 176 197 213 221 230 230 248 246 253 266 270 280 292 304 311 306 296 301 313 326 334 333 317 337 347 341 324 328 330 348 358 367 363 369 375 374 372 370 370 369 368 367 367 366 367 367 367 366 366 366 366 364 362 359 356 353 352 351 353 355 353 347 338 342 352 352 351 358 356 353
-32768 -32768 -32768 -32768 -32768 -32768 -32768 -32768 -32768 -32768 -32768 -32768 -32768 -32768 -32768 156 176 184 176 187 204 218 232 237 248 254 256 260 274 287 288 302 312 315 309 301 308 326 326 335 334 310 326 346 339 341 328 324 334 356 351 363 373 374 372 371 371 369 368 367 367 366 367 366 366 365 365 364 364 361 358 355 353 351 351 351 352 354 353 349 342 340 354 348 351 361 361 363
-32768 -32768 -32768 -32768 -32768 -32768 -32768 -32768 -32768 -32768 -32768 -32768 -32768 -32768 -32768 159 171 181 188 196 198 208 222 233 247 252 259 265 271 286 294 300 304 316 323 314 308 323 337 335 342 333 329 332 338 344 337 325 321 332 330 349 364 371 373 371 370 369 368 366 366 365 365 365 364 364 364 364 363 360 358 356 355 353 351 351 351 352 352 352 351 350 346 350 358 350 343 347
-32768 -32768 -32768 -32768 -32768 -32768 -32768 -32768 -32768 -32768 -32768 -32768 -32768 -32768 -32768 -32768 -32768 176 194 209 213 217 223 232 245 255 261 270 280 285 295 301 308 315 324 329 323 324 340 344 339 344 343 334 325 340 332 316 307 310 321 338 361 369 372 372 371 369 368 367 365 365 365 364 363 363 363 364 363 361 357 355 354 351 349 348 350 351 352 354 354 351 352 356 346 341 340 346
-32768 -32768 -32768 -32768 -32768 -32768 -32768 -32768 -32768 -32768 -32768 -32768 -32768 -32768 -32768 -32768 -32768 -32768 181 195 213 226 228 231 242 253 262 267 277 287 294 298 309 314 321 321 323 329 340 347 342 335 341 338 324 321 319 317 314 329 331 327 328 354 370 371 370 368 367 366 365 364 363 363 362 361 362 361 361 360 358 355 351 349 348 349 348 349 350 351 355 355 353 343 340 338 338 344
-32768 -32768 -32768 -32768 -32768 -32768 -32768 -32768 -32768 -32768 -32768 -32768 -32768 -32768 -32768 -32768 -32768 -32768 -32768 -32768 201 217 229 233 243 251 260 270 277 287 294 296 310 316 321 327 334 334 338 342 348 333 332 329 319 315 311 314 312 320 330 345 347 350 357 369 369 369 367 366 365 364 363 362 361 360 361 359 359 358 358 355 352 350 350 349 347 348 349 350 353 353 352 349 345 341 337 340
-32768 -32768 -32768 -32768 -32768 -32768 -32768 -32768 -32768 -32768 -32768 -32768 -32768 -32768 -32768 -32768 -32768 -32768 -32768 -32768 -32768 -32768 223 236 242 251 261 269 278 287 296 301 306 315 322 326 331 322 332 340 345 343 334 320 319 316 315 307 305 317 315 317 326 330 330 357 369 368 366 365 364 363 361 360 360 359 359 358 358 357 357 355 352 350 348 346 345 346 347 349 350 350 347 345 341 337 335 338
-32768 -32768 -32768 -32768 -32768 -32768 -32768 -32768 -32768 -32768 -32768 -32768 -32768 -32768 -32768 -32768 -32768 -32768 -32768 -32768 -32768 -32768 217 234 242 250 260 268 278 286 292 300 305 313 319 325 331 319 326 336 345 352 338 328 313 326 317 311 304 305 310 303 317 321 330 350 365 368 366 365 364 362 361 360 359 358 357 356 357 356 356 355 353 350 347 346 345 344 346 347 349 348 348 343 338 334 335 340
-32768 -32768 -32768 -32768 -32768 -32768 -32768 -32768 -32768 -32768 -32768 -32768 -32768 -32768 -32768 -32768 -32768 -32768 -32768 -32768 -32768 -32768 -32768 226 238 248 256 264 273 282 290 296 300 306 317 318 326 332 334 345 343 345 348 322 313 328 335 320 306 306 320 322 328 317 321 345 363 368 366 363 363 361 360 358 358 356 355 355 355 354 353 352 354 352 347 344 343 343 344 345 347 349 346 345 338 335 338 338
-32768 -32768 -32768 -32768 -32768 -32768 -32768 -32768 -32768 -32768 -32768 -32768 -32768 -32768 -32768 -32768 -32768 -32768 -32768 -32768 -32768 -32768 -32768 -32768 230 243 254 263 271 279 288 291 297 301 307 322 328 333 339 346 337 337 333 332 317 306 314 344 332 315 325 338 320 313 316 343 360 368 366 363 362 361 358 357 356 355 354 353 353 353 352 352 353 352 349 344 342 341 342 343 346 347 347 348 340 343 346 351
-32768 -32768 -32768 -32768 -32768 -32768 -32768 -32768 -32768 -32768 -32768 -32768 -32768 -32768 -32768 -32768 -32768 -32768 -32768 -32768 -32768 -32768 -32768 -32768 -32768 232 247 256 267 274 283 286 290 297 303 314 326 331 321 327 332 335 335 330 335 324 326 350 322 308 322 340 327 332 332 339 360 367 365 363 361 359 357 355 354 353 352 351 351 350 350 350 351 350 349 346 342 338 338 339 342 344 346 347 346 345 348 355
