Lab10/future/bio7.asc
NCOLS 269 
NROWS 261 
XLLCORNER -125 
YLLCORNER 32.25 
CELLSIZE 0.0416666666666667 
NODATA_value -32768 
[rows 39 to 77 of 261, columns 88 to 175 of 269]
381 381 378 378 378 379 380 381 380 384 391 393 395 399 397 401 403 406 408 407 404 397 390 375 368 366 369 379 386 388 388 388 385 374 370 378 382 383 382 383 377 377 380 383 387 390 393 391 392 388 391 391 393 398 396 380 366 372 389 405 411 414 414 414 411 413 416 416 415 407 416 418 418 418 418 419 418 417 414 415 416 416 414 413 413 410 397 380
380 381 379 379 375 373 380 384 384 386 393 395 398 400 400 402 402 403 406 406 403 395 385 380 372 368 360 373 384 388 388 389 387 373 377 380 380 381 382 383 380 379 385 386 387 390 392 391 391 389 393 397 401 402 397 385 379 390 397 411 413 415 415 415 415 415 416 417 414 404 415 417 417 419 419 419 417 417 416 416 416 416 415 415 413 407 387 382
380 380 380 380 378 377 379 385 386 388 390 387 392 394 401 402 398 398 405 403 398 392 382 376 368 360 349 361 381 389 389 390 386 374 379 381 380 379 380 384 384 379 385 387 386 391 392 389 387 391 400 405 404 397 394 386 380 392 408 413 413 413 415 416 415 416 416 416 410 399 408 407 413 417 418 418 419 418 418 416 416 416 416 415 413 410 399 386
381 382 381 382 383 382 384 386 386 380 377 375 379 388 395 396 399 396 403 402 398 392 381 376 368 360 349 357 377 391 390 390 381 369 373 378 378 381 379 382 384 385 384 385 387 389 393 395 390 397 405 407 403 384 390 392 394 400 409 414 414 414 415 416 416 417 416 411 388 386 396 398 412 417 419 419 419 418 417 414 413 415 416 415 411 410 409 402
381 383 384 385 385 383 376 377 376 383 386 373 372 378 389 387 391 393 398 403 398 391 381 375 370 363 356 351 374 391 392 390 379 374 368 372 371 374 382 383 382 382 383 382 384 389 388 391 398 400 405 407 404 390 387 390 401 408 410 413 414 414 416 416 415 416 416 406 398 386 377 399 414 418 418 418 418 418 417 410 407 414 417 416 412 406 408 412
381 383 385 386 386 387 376 376 384 386 388 377 366 370 380 387 388 390 401 402 397 391 383 377 376 371 360 351 369 383 394 394 387 367 367 373 377 380 384 386 385 383 385 388 389 391 390 391 399 398 402 407 409 401 381 385 401 409 410 414 414 416 416 417 416 416 411 396 401 392 383 407 416 419 419 419 418 419 416 410 406 415 417 416 412 402 408 414
375 377 383 387 388 389 386 385 385 389 392 390 374 370 373 377 384 386 396 402 399 394 391 381 384 377 370 358 358 377 392 394 391 374 373 381 382 385 384 383 382 387 390 393 395 394 388 390 399 395 394 404 409 409 404 401 408 412 414 415 415 415 415 416 417 414 395 394 409 405 408 415 418 418 418 418 418 418 415 409 407 414 416 416 413 399 403 413
370 378 382 388 388 389 388 389 390 390 390 389 379 371 379 371 380 385 384 396 393 388 392 384 381 371 367 364 360 377 386 396 393 380 379 387 387 386 382 381 384 389 389 393 392 391 388 391 396 393 384 400 409 411 412 406 407 412 415 415 415 415 416 417 417 412 388 404 413 416 417 418 419 420 419 419 419 418 414 407 405 413 417 417 413 397 405 414
376 367 380 389 388 389 389 390 390 390 390 387 387 383 384 375 384 382 373 386 382 378 389 386 376 374 363 356 355 372 386 391 392 387 387 390 387 380 379 382 386 390 390 392 389 383 388 391 393 388 383 397 410 413 413 413 409 412 414 415 416 416 417 418 417 412 394 408 416 418 419 419 419 419 419 418 418 418 416 411 411 416 418 419 415 407 411 416
394 383 381 389 388 390 388 387 386 389 390 389 387 390 391 387 384 384 378 378 385 384 387 385 378 374 369 360 361 373 380 377 381 393 395 394 390 384 385 385 386 389 389 390 387 377 388 392 390 381 384 401 411 413 413 414 412 411 414 415 416 417 417 417 416 410 404 409 415 417 418 418 418 418 418 418 418 418 418 416 415 419 420 420 418 414 414 417
395 392 381 384 389 391 389 386 381 381 389 387 380 386 391 395 391 386 384 384 391 391 387 386 384 382 379 374 373 374 381 380 384 397 397 396 393 391 390 388 388 386 384 383 385 382 389 396 395 393 388 400 410 414 414 413 409 411 415 415 416 417 417 415 415 411 408 403 412 416 417 415 414 419 420 420 420 420 418 417 418 420 420 420 417 412 417 419
397 395 385 387 388 388 379 381 382 378 385 387 385 379 384 391 390 387 392 397 397 390 382 379 384 382 382 381 382 385 388 392 393 398 398 398 395 393 395 395 391 387 375 378 390 396 397 402 401 403 391 402 412 415 414 414 408 409 415 416 417 417 417 415 412 406 407 404 409 415 419 418 418 419 419 420 420 416 413 415 416 417 417 416 412 407 418 419
395 396 390 388 385 375 376 375 380 380 381 381 384 381 377 385 384 391 398 399 398 388 381 379 382 390 394 385 386 381 377 386 390 396 396 396 398 397 398 397 393 389 383 382 386 400 405 406 408 407 399 404 412 414 414 415 412 413 415 417 417 417 417 417 414 410 409 411 409 411 418 419 419 419 420 421 420 411 408 415 419 418 418 419 417 415 420 417
390 390 391 389 383 374 379 381 383 383 382 379 375 386 383 385 389 398 400 401 391 380 378 389 393 395 394 393 388 384 376 383 384 387 389 390 396 398 397 395 392 387 389 388 388 397 407 409 409 409 406 410 413 414 414 415 414 415 415 416 418 418 418 417 416 416 415 416 413 413 418 420 420 420 420 420 420 420 420 420 422 421 419 422 422 422 419 412
382 384 383 387 387 386 389 392 391 387 383 381 384 390 392 394 395 400 402 404 403 403 402 401 401 400 398 398 395 388 384 385 382 381 386 386 394 394 392 388 390 390 395 390 386 399 406 409 410 410 411 412 413 413 415 416 415 416 416 417 417 417 418 417 415 416 415 415 415 416 419 420 421 421 421 419 417 418 420 420 423 422 422 423 424 423 418 405
371 376 376 375 383 387 389 391 389 383 377 377 384 391 394 395 398 400 402 405 406 408 407 405 402 401 400 398 397 392 390 385 383 383 385 388 392 396 391 387 390 395 401 399 383 382 398 409 410 411 411 412 413 414 415 416 415 415 416 416 417 418 417 412 409 414 411 409 413 419 420 420 421 421 413 402 407 416 419 421 422 418 416 417 423 423 416 399
369 373 371 366 370 376 379 381 380 375 373 373 382 384 392 397 393 396 399 398 399 399 403 404 403 402 400 396 393 394 390 391 389 389 391 391 394 394 390 389 389 392 400 404 398 373 391 409 411 411 411 413 413 414 415 415 415 415 416 417 416 416 413 408 406 411 408 405 409 416 420 420 417 418 406 396 405 417 421 422 420 409 400 410 422 423 419 408
366 366 362 352 364 369 372 373 373 371 375 378 376 381 390 391 380 383 389 388 393 386 396 404 401 393 389 384 386 394 392 393 392 393 395 398 396 393 389 389 389 393 399 405 406 384 380 406 410 410 412 413 413 414 413 411 413 414 415 416 415 415 414 410 408 411 409 408 406 414 418 421 421 419 413 411 413 420 423 422 417 407 404 410 422 423 421 414
369 366 366 369 367 364 367 366 369 377 381 381 382 385 394 395 379 378 390 399 403 393 395 402 401 388 381 388 397 399 395 393 391 391 395 400 400 393 388 388 392 395 406 409 408 405 393 403 408 412 413 413 411 411 407 409 412 412 408 415 412 409 414 411 412 411 406 407 412 415 420 422 422 422 415 419 421 422 423 422 419 415 407 404 420 423 422 421
368 368 369 370 366 367 377 378 379 381 384 384 391 394 396 398 391 370 389 404 403 398 401 401 401 399 385 384 397 401 399 394 392 392 394 399 401 400 396 394 396 405 409 409 409 410 407 408 411 411 407 411 409 403 401 408 412 408 407 413 413 414 415 415 415 413 405 404 407 415 421 423 423 423 421 422 423 423 422 422 421 420 417 406 415 422 422 422
366 370 368 367 372 373 364 366 379 368 376 379 392 395 396 397 393 383 391 403 403 404 398 391 396 403 401 396 397 400 399 402 399 396 393 399 403 405 404 402 404 408 408 410 409 410 409 410 411 405 405 410 408 403 406 408 406 406 411 413 411 411 412 414 415 414 409 401 404 412 420 424 423 422 423 422 421 421 422 422 422 421 415 403 413 422 423 423
357 362 359 360 358 370 366 370 379 372 363 382 392 395 392 394 392 395 392 396 401 404 401 400 402 403 405 402 399 397 396 400 402 401 398 399 404 406 406 406 407 408 408 409 406 409 410 410 408 397 405 409 407 407 407 403 402 404 411 411 407 402 405 412 412 414 414 413 411 412 421 424 424 424 421 413 410 412 420 422 420 410 403 400 414 421 422 423
350 351 346 352 357 368 374 375 370 373 366 383 392 392 379 394 398 401 400 391 400 405 404 405 404 405 405 403 399 395 400 402 401 402 399 400 404 406 406 406 406 407 406 403 406 409 410 411 407 401 404 408 408 408 409 404 400 406 410 407 400 391 402 409 410 411 412 417 416 416 422 425 426 424 412 384 392 412 421 422 417 401 395 400 413 416 415 420
352 346 343 349 356 359 369 374 374 375 374 380 384 386 374 385 393 398 400 396 402 404 403 404 404 404 404 403 402 400 400 399 396 397 402 403 404 405 405 406 406 404 396 400 406 409 409 409 405 397 404 408 409 410 411 408 401 412 409 402 392 399 411 415 417 415 412 417 420 420 421 425 427 423 409 381 393 417 423 423 418 400 399 405 409 403 406 416
346 342 343 346 355 364 369 373 375 377 375 372 361 368 383 381 384 390 396 400 403 404 402 399 402 403 403 402 400 401 400 396 395 397 401 403 404 405 406 406 405 400 393 400 406 408 407 407 405 396 405 409 410 412 412 411 407 414 411 404 400 408 416 419 419 418 416 417 416 417 417 425 427 424 410 386 404 420 425 426 424 419 411 415 407 397 401 412
344 345 346 351 356 360 369 373 376 378 380 382 376 385 392 396 399 402 397 401 403 404 399 392 399 402 401 402 398 398 397 397 396 392 398 402 403 404 405 405 404 399 392 400 405 408 408 405 405 396 402 409 411 412 413 415 414 416 416 412 408 415 419 419 419 417 412 411 412 419 422 425 427 425 409 384 404 420 425 427 427 426 423 415 400 392 409 419
362 360 353 359 363 365 366 375 375 370 376 381 390 392 394 397 401 402 401 403 403 404 401 400 403 403 401 398 390 388 391 395 396 393 395 400 403 403 404 404 397 389 388 400 405 408 407 404 406 391 404 411 411 413 414 411 411 415 418 414 416 419 419 419 417 411 400 404 413 418 420 425 427 424 408 383 402 420 426 428 428 428 426 420 407 396 413 422
369 372 377 369 369 374 372 378 379 380 378 376 385 386 388 393 398 399 400 401 402 402 402 402 403 403 401 400 390 384 389 395 397 394 398 399 402 403 404 403 399 394 393 401 405 407 407 407 408 399 408 411 412 413 411 408 413 417 419 416 419 419 418 416 414 408 400 407 414 419 423 426 426 426 412 391 405 419 426 429 429 429 428 425 414 397 412 424
362 379 385 383 378 379 379 379 380 381 372 361 372 373 369 365 372 388 399 401 401 402 402 402 402 402 401 400 397 396 396 397 396 395 399 399 400 402 402 402 402 401 399 400 405 405 403 409 411 407 410 412 412 413 411 413 417 419 420 420 419 417 414 413 412 409 405 412 419 423 425 425 425 423 416 405 406 414 426 429 429 429 429 422 411 401 408 424
363 375 384 385 382 385 371 371 379 382 378 368 362 380 378 369 367 370 376 394 400 401 401 401 401 401 400 400 400 400 399 399 397 396 396 398 398 400 401 401 402 403 403 401 398 400 402 410 412 411 410 410 410 409 399 412 418 419 420 420 418 412 409 411 414 416 417 420 422 424 424 423 420 413 415 410 399 411 424 429 431 430 428 412 394 399 417 427
364 373 379 381 383 383 375 358 357 370 378 376 375 385 382 380 382 379 376 379 388 398 400 400 399 399 400 400 399 399 399 400 398 398 396 397 398 397 397 399 401 404 404 403 394 397 404 410 411 410 408 404 406 403 397 413 420 420 421 420 418 410 400 411 416 419 421 422 423 423 424 421 416 415 417 418 397 406 424 429 430 430 429 421 415 415 426 430
360 367 371 376 370 377 378 382 385 380 368 383 385 385 363 369 381 389 383 380 376 385 398 399 398 399 399 399 398 398 399 399 397 397 397 398 397 397 398 400 402 403 404 404 394 390 405 411 412 409 403 400 402 403 409 417 420 420 421 420 419 414 407 411 415 420 423 422 422 423 422 414 412 417 422 418 407 414 426 430 429 430 430 424 410 420 428 432
356 372 369 374 370 372 363 370 382 395 395 387 396 381 358 371 381 383 382 382 381 381 384 393 396 398 398 398 397 396 397 398 396 397 397 398 396 397 399 400 401 402 403 404 397 396 405 410 412 406 401 405 403 405 411 417 419 421 421 421 418 412 407 416 419 420 423 425 423 424 424 417 417 424 425 423 421 424 429 429 429 430 428 418 407 423 425 432
349 362 372 365 377 378 364 363 372 380 397 397 394 381 373 368 385 374 381 382 383 382 384 384 380 384 393 396 395 395 395 397 395 395 395 395 394 393 397 399 401 401 402 404 398 393 404 410 411 405 403 407 405 402 410 417 420 421 421 420 417 410 406 418 425 426 427 428 426 426 424 416 419 425 426 426 426 427 428 429 429 427 424 412 413 429 431 434
342 362 370 374 369 358 367 374 381 377 370 382 385 386 387 390 384 376 380 379 379 377 378 382 382 383 381 391 395 395 393 391 393 394 392 388 385 384 394 399 400 401 403 405 404 399 407 412 412 407 400 408 408 404 409 415 419 420 421 420 418 412 415 422 428 430 431 430 428 426 418 416 423 426 427 427 426 427 427 425 422 415 414 404 421 435 436 435
352 367 374 370 372 381 382 382 390 382 361 362 357 374 382 372 368 371 377 379 381 383 378 371 368 377 383 383 392 394 392 387 380 392 391 386 379 375 378 395 398 400 402 404 404 400 408 412 412 407 403 409 410 406 409 415 418 420 421 421 418 413 415 424 429 430 430 430 427 421 421 423 426 427 427 427 423 425 423 412 401 408 411 411 434 436 436 436
347 365 347 350 349 356 366 374 382 392 385 372 356 347 361 360 348 354 375 379 382 383 385 381 369 371 385 382 382 393 392 392 391 393 393 393 391 383 369 386 398 400 402 404 403 403 408 412 414 412 408 410 411 412 414 417 418 419 420 420 418 420 421 426 429 429 429 425 423 427 427 427 427 427 427 427 424 421 413 397 405 413 422 432 435 435 434 434
361 358 338 339 337 357 378 377 375 387 392 384 372 365 354 356 362 366 369 375 375 382 383 376 376 364 385 386 372 381 390 392 391 392 393 389 391 394 390 390 398 400 402 404 406 407 409 413 414 413 409 409 411 414 417 417 416 416 416 421 423 425 426 427 428 426 427 427 427 428 428 427 427 428 427 426 421 412 405 412 423 431 434 434 435 435 434 433
350 347 342 344 341 349 354 360 351 350 357 369 370 374 371 362 357 361 366 371 374 372 379 380 373 383 387 391 385 375 391 394 392 392 392 392 387 390 396 396 398 400 402 405 407 409 411 413 413 412 410 414 415 415 419 418 417 417 420 424 424 424 424 424 421 426 427 427 427 427 427 427 427 427 426 423 414 406 402 425 432 433 434 434 434 433 432 430
