Lab10/future/bio7.asc
NCOLS 269 
NROWS 261 
XLLCORNER -125 
YLLCORNER 32.25 
CELLSIZE 0.0416666666666667 
NODATA_value -32768 
[rows 117 to 155 of 261, columns 176 to 263 of 269]
407 413 417 419 419 419 419 417 412 402 390 391 392 397 400 396 388 381 376 382 387 384 392 394 395 395 396 392 384 379 390 397 399 400 401 401 396 388 390 398 403 404 406 406 406 406 403 387 382 382 369 371 388 400 405 406 398 404 410 412 411 407 405 407 403 399 393 403 410 407 402 393 389 394 399 399 395 388 374 373 383 389 393 395 392 380 379 399
396 412 419 420 419 419 418 416 411 403 393 391 397 400 399 392 384 376 383 380 389 386 388 394 394 395 395 393 388 381 388 398 398 399 397 397 398 398 402 403 403 403 403 403 402 395 384 367 368 371 371 386 395 402 405 404 404 406 408 408 409 410 404 407 402 392 394 405 410 406 398 389 391 395 399 398 395 390 384 377 383 389 394 397 395 388 384 396
403 418 421 421 420 419 417 414 409 403 393 388 398 402 401 396 390 385 384 390 390 383 384 392 395 396 394 392 387 381 383 395 397 397 393 387 394 400 403 403 403 402 399 397 387 372 372 358 373 380 382 394 400 404 406 400 407 408 401 398 402 408 410 410 406 401 402 409 410 406 401 398 395 396 399 398 395 392 388 378 375 385 392 399 400 391 383 393
413 422 422 421 417 414 414 412 407 402 395 390 398 402 401 400 397 392 388 392 393 386 385 390 395 396 393 390 382 374 380 391 395 392 384 382 389 397 401 402 402 398 391 389 379 365 354 367 379 382 391 398 401 404 403 400 407 408 404 396 392 399 406 410 408 404 405 410 412 411 407 404 392 387 396 398 395 393 390 385 380 381 390 399 400 392 382 388
422 423 420 409 403 403 409 410 406 401 393 393 398 401 401 401 400 397 390 394 395 387 385 390 393 393 390 384 379 375 376 389 393 389 380 380 388 397 402 402 402 397 390 382 372 362 364 380 387 391 397 400 402 404 402 406 408 409 406 402 395 382 393 404 411 407 403 409 414 414 411 400 391 375 388 397 397 395 392 389 386 383 387 397 398 389 379 386
424 421 409 385 374 394 401 406 405 400 394 392 397 401 401 401 401 400 397 397 396 394 392 394 393 390 385 374 359 360 378 388 390 388 382 375 384 395 402 402 401 396 385 376 375 366 374 383 388 393 397 400 401 403 403 403 407 407 405 401 394 379 381 396 408 407 401 407 413 414 414 407 392 370 379 391 397 398 394 391 389 388 388 394 391 386 378 381
423 416 406 398 387 393 397 405 407 401 392 391 397 402 401 401 400 400 393 395 396 395 394 394 392 385 379 372 360 359 377 386 388 386 381 373 380 395 402 403 401 395 384 375 381 383 387 388 390 393 397 400 400 399 399 406 407 407 406 401 391 378 379 396 409 404 394 407 415 416 415 408 394 376 377 386 393 400 399 397 394 393 400 395 391 382 374 380
418 407 395 386 388 403 398 408 411 407 401 396 398 401 400 400 400 399 393 394 396 395 394 393 389 382 375 363 362 356 370 380 384 384 382 377 375 391 399 400 399 392 379 380 388 393 394 394 389 379 394 397 395 390 392 405 406 406 404 398 390 391 386 397 409 402 401 407 415 416 416 402 387 373 373 379 380 390 400 401 397 398 402 396 391 385 379 375
418 411 404 395 400 409 413 416 413 411 404 396 398 400 399 399 398 398 396 396 396 395 395 394 390 386 380 377 375 368 364 375 381 384 384 380 370 385 398 399 397 390 383 389 395 397 398 397 389 371 392 395 391 380 390 405 405 405 404 393 389 398 401 404 407 397 404 412 417 418 418 408 392 374 367 382 391 388 392 401 408 407 400 397 390 388 387 386
425 425 424 421 416 412 417 415 412 409 405 400 396 398 399 398 397 396 395 395 394 394 394 393 391 388 385 383 380 377 367 369 378 382 385 382 369 381 395 396 393 386 390 393 397 399 399 399 392 376 390 390 384 375 394 403 404 405 404 393 393 401 407 409 404 394 404 412 417 418 417 410 398 380 374 390 403 406 402 402 408 402 396 393 388 389 395 395
427 433 433 432 422 408 411 405 403 401 400 397 391 392 396 393 394 391 388 388 391 393 394 393 392 390 388 386 385 381 375 365 372 381 385 387 383 388 394 395 392 388 389 394 398 400 400 401 399 381 388 384 385 386 396 400 403 401 402 404 397 406 412 406 400 394 404 412 417 418 416 412 401 390 389 403 413 415 418 410 405 400 392 385 383 386 398 403
427 435 433 430 422 407 398 388 388 391 395 390 385 386 390 394 392 386 379 380 386 389 392 392 391 390 388 387 386 383 379 369 366 379 383 386 389 390 392 392 389 383 388 394 398 400 400 400 398 389 384 381 385 387 393 397 399 396 399 403 408 412 409 403 397 390 401 411 417 417 415 405 403 397 391 405 415 419 419 413 406 397 389 382 383 392 399 406
435 436 434 426 408 397 387 372 377 385 388 385 382 383 389 397 396 387 379 376 381 387 390 393 392 391 390 389 388 386 382 373 370 377 382 386 388 386 389 387 384 388 392 395 399 400 401 399 396 391 384 379 383 382 388 392 396 395 402 402 412 412 409 403 396 391 403 412 417 419 413 398 398 393 381 399 417 423 418 412 404 396 387 388 393 398 404 406
436 436 430 419 395 390 374 366 376 381 382 384 387 390 394 401 402 397 392 384 381 380 387 391 391 390 389 388 389 388 384 373 369 375 382 386 385 381 384 386 383 388 394 397 399 399 399 397 392 388 384 378 379 379 376 381 391 396 406 410 404 404 403 397 390 386 401 409 415 416 409 395 393 395 388 398 421 421 413 405 398 393 389 390 395 398 399 398
435 432 426 415 399 387 380 385 387 386 387 393 396 398 402 405 405 404 400 395 385 375 380 389 391 391 389 390 391 390 387 378 376 381 385 387 386 382 385 387 388 391 395 397 398 399 398 394 382 380 375 374 379 379 368 379 393 402 410 405 404 408 407 404 400 399 404 409 413 412 402 388 391 399 407 414 417 417 411 400 389 384 388 391 393 396 394 395
423 420 416 403 393 379 383 394 393 389 390 398 401 403 404 405 404 402 399 395 386 377 378 386 389 388 386 388 391 391 388 380 377 383 386 388 385 379 380 385 388 391 393 394 394 393 391 390 381 383 381 382 387 382 379 392 401 407 411 407 408 408 406 402 404 404 406 408 406 399 390 385 390 401 412 421 412 416 414 401 392 389 389 392 396 394 392 394
396 397 397 390 380 385 397 402 398 393 396 399 405 404 399 395 394 395 393 393 389 385 383 386 388 386 386 389 392 393 391 385 381 385 388 389 383 375 375 383 388 390 391 389 385 378 383 388 391 392 391 389 392 380 379 391 404 409 412 408 409 406 399 394 403 406 408 406 401 391 381 384 392 403 420 406 399 400 405 404 395 393 398 397 397 395 395 393
361 354 370 375 379 395 404 403 400 395 395 405 405 386 370 372 383 390 389 391 390 385 381 384 387 387 388 390 392 393 393 388 377 386 388 388 382 373 365 378 385 384 384 385 380 369 379 388 392 395 396 396 395 382 387 394 404 408 412 406 406 401 384 385 399 403 406 406 400 385 373 380 392 413 408 389 386 391 393 396 396 399 400 398 396 398 400 394
363 355 357 370 379 387 400 400 397 399 406 409 404 390 375 373 387 391 391 389 387 383 384 387 389 390 391 392 392 393 393 388 380 387 389 388 384 373 369 379 385 389 389 386 381 372 370 384 392 397 400 400 397 388 392 397 401 406 411 411 406 397 378 379 395 402 407 406 400 387 375 380 392 405 417 388 380 384 390 394 395 393 398 398 395 391 401 398
377 365 361 368 386 397 405 408 408 408 408 408 407 404 400 393 396 395 391 389 387 385 388 389 390 391 391 391 392 391 389 381 379 386 388 387 379 367 369 381 386 390 391 388 380 374 360 378 385 395 399 400 400 397 390 390 391 400 408 412 408 396 393 386 396 404 407 406 401 389 386 379 391 398 415 394 385 388 393 389 391 391 389 393 393 392 402 405
373 364 357 376 397 404 407 407 405 401 401 403 407 405 409 400 391 391 391 391 390 385 388 389 390 388 389 391 390 389 383 377 374 383 386 383 368 369 377 384 390 393 393 391 385 378 370 381 386 393 397 400 401 400 394 384 384 396 407 411 410 402 401 399 400 404 407 406 402 388 379 382 394 402 415 408 394 394 405 394 385 386 386 395 402 402 406 409
373 375 384 396 401 401 397 396 387 384 386 396 407 411 411 405 389 390 388 389 388 386 387 385 384 382 386 387 385 384 377 371 369 377 383 377 367 377 383 388 392 394 394 393 387 381 376 384 387 392 396 398 400 401 391 372 374 389 401 409 410 403 405 404 401 404 405 403 397 388 372 380 393 406 417 417 403 406 410 400 389 379 382 394 407 404 407 411
399 404 405 407 394 387 387 384 377 373 383 396 407 412 414 412 399 392 393 391 387 384 384 381 380 380 382 381 377 377 374 370 369 373 376 371 370 378 386 391 392 394 394 395 394 393 391 390 387 391 395 397 400 402 395 382 381 388 393 404 411 407 407 405 402 404 402 400 395 380 381 388 399 410 412 411 416 416 413 404 391 395 400 405 410 408 409 412
411 422 424 421 410 402 394 380 367 371 388 398 406 413 415 413 410 400 400 394 379 378 375 381 377 379 378 377 376 373 372 370 367 367 370 368 373 373 376 388 390 393 394 395 395 395 393 391 387 387 390 395 399 401 400 395 387 391 391 401 408 411 406 402 397 399 390 393 389 380 397 405 410 411 404 410 419 417 410 397 395 404 406 408 412 412 413 413
408 428 430 427 418 398 384 368 372 389 403 409 411 415 415 413 411 404 405 401 395 390 383 386 388 385 381 377 375 373 371 368 365 365 366 369 377 376 384 386 391 393 394 391 393 394 393 390 387 384 383 394 399 402 401 395 392 393 395 397 405 410 410 406 404 393 391 392 389 399 409 413 413 405 410 415 421 417 412 403 403 408 410 410 409 414 415 415
402 417 432 430 422 405 386 376 383 396 406 412 413 412 414 414 412 409 409 407 404 398 389 391 392 390 387 383 380 379 377 371 370 374 366 373 385 389 393 393 389 388 391 384 389 392 391 390 386 385 382 392 399 402 402 394 396 397 397 399 402 408 410 411 405 385 390 395 395 407 414 415 407 410 413 416 421 417 412 409 411 412 411 410 412 414 416 418
413 398 429 431 427 413 397 389 387 391 401 413 407 400 410 413 413 411 410 409 407 402 398 395 395 396 390 385 382 382 382 381 382 380 373 373 386 394 396 394 387 382 387 388 387 390 389 389 388 386 380 387 396 402 402 398 399 396 398 400 402 403 401 413 410 392 392 399 403 413 415 409 411 413 416 417 422 418 415 416 415 414 413 410 410 413 417 419
428 396 420 430 430 418 405 397 403 405 410 406 389 388 404 408 410 410 409 406 405 405 403 402 400 395 389 381 373 376 382 384 386 382 378 381 389 394 396 394 389 384 386 390 389 388 386 385 382 375 376 379 387 399 401 402 403 398 400 400 392 401 405 413 413 397 402 404 411 414 409 401 412 412 417 418 419 415 414 416 415 415 411 411 409 414 417 420
423 391 411 427 431 429 419 417 414 412 403 387 376 387 397 403 406 408 409 408 404 406 405 405 400 393 387 380 371 371 380 386 388 385 381 385 390 394 396 395 392 387 387 390 389 386 381 380 381 376 378 389 390 395 398 397 406 407 407 403 384 395 408 413 415 407 408 411 413 407 405 410 413 414 418 416 411 407 407 413 416 414 413 413 414 417 419 421
406 390 391 423 430 430 431 426 417 410 392 370 361 376 387 397 401 404 406 405 401 406 407 404 399 395 392 387 378 375 379 385 389 385 376 382 389 393 395 396 393 390 387 387 385 384 380 380 384 383 381 394 398 392 394 400 407 408 409 407 385 385 406 414 417 414 414 413 402 403 409 413 415 417 412 404 393 391 399 405 413 415 414 414 416 417 419 421
400 370 374 415 427 425 431 430 426 413 383 366 355 370 383 392 396 400 404 399 394 404 408 405 402 398 389 389 388 385 381 387 379 378 376 385 385 391 394 394 392 392 389 388 382 381 382 388 394 389 383 394 402 399 389 401 408 409 409 407 385 379 404 414 416 415 414 407 396 404 411 415 417 414 406 388 378 384 402 407 411 415 417 418 416 417 419 420
403 356 377 411 413 405 425 432 431 424 404 376 362 361 370 384 389 391 398 393 401 406 410 406 401 400 394 385 379 380 390 388 373 373 373 384 389 385 390 393 391 389 393 389 383 380 384 392 399 396 382 392 402 404 393 390 405 407 408 407 390 378 402 411 416 416 415 406 401 405 411 415 418 413 406 392 378 380 394 404 404 412 416 417 417 418 418 419
397 356 358 400 376 369 412 429 432 431 424 404 381 379 371 379 396 401 404 406 410 411 405 397 396 403 400 392 384 392 394 387 383 385 379 384 388 389 394 396 392 394 397 393 379 378 383 392 401 402 383 393 401 404 397 389 393 391 396 403 392 374 398 407 412 416 415 403 403 404 408 416 416 411 407 402 393 391 399 402 402 411 415 416 418 417 418 418
400 381 371 391 373 366 392 419 432 434 434 428 411 402 398 379 395 405 408 411 414 415 403 387 394 405 404 399 390 396 400 394 391 392 389 383 384 389 394 397 399 400 400 396 387 386 379 384 402 404 381 392 401 403 394 381 382 384 388 395 387 369 393 403 411 414 415 407 403 405 408 414 415 411 408 405 397 395 404 406 408 411 414 417 415 418 419 419
393 407 398 396 369 357 377 414 430 434 435 434 427 407 394 393 389 400 408 412 414 415 414 408 396 409 407 403 396 398 402 400 399 396 392 388 386 388 390 395 399 400 399 394 391 387 379 383 402 406 383 390 400 403 398 386 387 376 381 385 378 365 389 402 409 414 415 411 409 407 409 413 417 413 410 407 405 408 407 408 409 411 414 417 415 420 421 421
403 413 405 401 371 365 385 420 429 433 434 435 435 426 419 404 403 402 404 410 413 415 416 416 410 412 411 407 402 401 404 403 401 398 392 382 382 386 390 395 397 397 391 386 385 385 384 392 405 405 395 391 398 401 398 393 393 382 377 376 368 369 388 398 407 412 413 414 412 410 411 413 416 414 410 409 408 411 410 411 411 412 415 418 419 419 417 417
421 410 410 395 389 374 397 418 430 434 435 435 436 435 432 424 422 415 401 403 408 413 417 417 416 414 413 410 410 409 408 406 397 393 392 388 389 389 390 391 391 390 387 385 385 382 390 401 405 406 384 391 400 399 393 386 389 381 369 361 358 370 386 395 403 410 406 407 410 409 414 415 414 415 412 409 409 410 411 412 414 415 418 416 414 411 410 411
424 410 410 397 395 382 393 414 428 433 434 434 435 435 435 433 432 429 409 393 402 411 417 417 417 417 416 412 413 412 410 408 402 399 397 393 391 389 388 386 385 385 381 382 386 389 397 403 405 401 385 399 403 396 386 385 387 375 357 344 355 368 379 389 399 408 399 397 402 405 410 413 413 414 413 410 409 409 409 412 415 417 411 405 402 399 397 399
423 416 405 391 390 398 391 414 428 431 433 434 434 435 435 435 434 435 431 418 407 410 416 418 416 418 418 417 415 414 412 408 404 400 396 390 388 390 389 388 386 379 379 381 385 393 399 404 405 400 395 404 406 402 384 385 379 366 348 343 353 363 376 390 400 401 395 395 401 405 409 411 412 412 411 411 412 409 409 410 415 411 403 396 389 375 373 379
